timestamp,input_tokens,output_tokens,total_tokens,user_input
2025-08-18T21:22:29.562873,1735,10,1745,"{""owner"": {""owner_id"": ""23da95ee-1a87-8d19-b34e-72d8d7227769"", ""owner"": {""state"": ""Miami"", ""price"": 2100, ""bedrooms"": 1, ""available_from"": null, ""soft_attributes"": ""modern apartment, large windows, natural sunlight, boho beach decor, free private parking, fast WiFi, Smart TV, close to beach, close to subway, easy access to JFK and ferry""}, ""owner_fairness"": {""application_date"": ""2025-08-08"", ""number_of_shows"": 0, ""days_since_application"": 10}}, ""candidates"": [{""user_id"": ""2d6326e5-7a55-560c-c5e6-d3b69507a06f"", ""score"": 0.6446, ""user"": {""state"": ""Miami"", ""price"": null, ""bedrooms"": 1, ""available_from"": null, ""soft_attributes"": ""townhouse setting, easy access to subway, free street parking""}, ""user_fairness"": {""application_date"": ""2025-07-11"", ""number_of_shows"": 0, ""days_since_application"": 38}}, {""user_id"": ""7f821ab3-b983-8104-1aea-d96ce0e36289"", ""score"": 0.6206, ""user"": {""state"": ""Miami"", ""price"": null, ""bedrooms"": 1, ""available_from"": null, ""soft_attributes"": ""modern, close to subway and ferry, vibrant neighborhood, near coffee shops and restaurants""}, ""user_fairness"": {""application_date"": ""2025-07-08"", ""number_of_shows"": 1, ""days_since_application"": 41}}, {""user_id"": ""e60b142d-2d11-3c3e-1a7a-afa22271c71d"", ""score"": 0.6038, ""user"": {""state"": ""Miami"", ""price"": 1200, ""bedrooms"": 1, ""available_from"": null, ""soft_attributes"": ""stylish, near Atlantic Avenue, access to public transportation""}, ""user_fairness"": {""application_date"": ""2025-07-04"", ""number_of_shows"": 0, ""days_since_application"": 45}}, {""user_id"": ""88af77b8-3554-ab98-9d53-b5c4bdae14f0"", ""score"": 0.5905, ""user"": {""state"": ""Miami"", ""price"": 2000, ""bedrooms"": 1, ""available_from"": ""October"", ""soft_attributes"": ""private balcony, easy access to subway""}, ""user_fairness"": {""application_date"": ""2025-08-06"", ""number_of_shows"": 0, ""days_since_application"": 12}}, {""user_id"": ""d4f83b87-6379-66f8-0414-555980d170e7"", ""score"": 0.5854, ""user"": {""state"": ""Miami"", ""price"": null, ""bedrooms"": 1, ""available_from"": null, ""soft_attributes"": ""bright and airy, modern amenities, cozy atmosphere, close to attractions like Brooklyn Museum and Prospect Park""}, ""user_fairness"": {""application_date"": ""2025-08-05"", ""number_of_shows"": 1, ""days_since_application"": 13}}, {""user_id"": ""35c1aed1-3b6e-0229-2ebb-3ca25ef0ad81"", ""score"": 0.5843, ""user"": {""state"": ""Miami"", ""price"": null, ""bedrooms"": 1, ""available_from"": null, ""soft_attributes"": ""cozy, fully furnished, modern amenities, near Central Park""}, ""user_fairness"": {""application_date"": ""2025-07-21"", ""number_of_shows"": 5, ""days_since_application"": 28}}, {""user_id"": ""d9a90344-d0f0-8ddd-17cd-8be063bc91ac"", ""score"": 0.5837, ""user"": {""state"": ""Miami"", ""price"": null, ""bedrooms"": 1, ""available_from"": null, ""soft_attributes"": ""modern, updated appliances, in-unit laundry, access to fitness center, close to restaurants, subway access to Manhattan""}, ""user_fairness"": {""application_date"": ""2025-07-27"", ""number_of_shows"": 5, ""days_since_application"": 22}}, {""user_id"": ""3bb6b430-e7fb-8191-4af7-8d88374688f4"", ""score"": 0.5748, ""user"": {""state"": ""Miami"", ""price"": null, ""bedrooms"": 1, ""available_from"": null, ""soft_attributes"": ""artsy neighborhood, good restaurant options, close to subway, natural light, greenery""}, ""user_fairness"": {""application_date"": ""2025-07-16"", ""number_of_shows"": 0, ""days_since_application"": 33}}, {""user_id"": ""4610e882-be07-6b7a-f543-be7dcb0afe00"", ""score"": 0.5714, ""user"": {""state"": ""Miami"", ""price"": null, ""bedrooms"": 1, ""available_from"": null, ""soft_attributes"": ""cozy, vibrant neighborhood, parks nearby, dining options, easy access to subway""}, ""user_fairness"": {""application_date"": ""2025-07-12"", ""number_of_shows"": 7, ""days_since_application"": 37}}, {""user_id"": ""766c9df3-1a46-1a8f-feb0-6a2935a1754e"", ""score"": 0.5679, ""user"": {""state"": ""Miami"", ""price"": 2400, ""bedrooms"": 1, ""available_from"": ""July"", ""soft_attributes"": ""vibrant area, easy access to Manhattan, gym, rooftop deck""}, ""user_fairness"": {""application_date"": ""2025-07-25"", ""number_of_shows"": 3, ""days_since_application"": 24}}], ""today_iso"": ""2025-08-18"", ""stats"": {""candidate_count"": 10, ""mean_top5"": 0.609, ""starvation_override"": false}}"
2025-08-18T23:18:46.506018,68,16,84,"Property feedback: 0 positive, 1 negative, avg 1.0/5. Notes: User's family size didn't fit - needed more bedrooms"
2025-08-18T23:18:47.708254,66,14,80,"Property feedback: 1 positive, 0 negative, avg 3.8/5. Notes: User loved the neighborhood vibe and local amenities"
2025-08-18T23:18:48.590206,67,16,83,"Property feedback: 1 positive, 0 negative, avg 4.5/5. Notes: Excellent match - user loved the location and amenities"
2025-08-18T23:18:49.835376,66,16,82,"Property feedback: 1 positive, 0 negative, avg 3.6/5. Notes: Perfect match - user specifically wanted garden access"
2025-08-18T23:18:51.036503,66,17,83,"Property feedback: 1 positive, 0 negative, avg 3.9/5. Notes: User loved the neighborhood vibe and local amenities"
2025-08-18T23:18:51.913077,65,17,82,"Property feedback: 1 positive, 0 negative, avg 4.1/5. Notes: Outstanding match - user signed lease immediately"
2025-08-18T23:18:52.775939,66,16,82,"Property feedback: 0 positive, 1 negative, avg 2.3/5. Notes: User wanted furnished but property was unfurnished"
2025-08-18T23:18:53.846584,66,15,81,"Property feedback: 1 positive, 0 negative, avg 4.3/5. Notes: Perfect match - user specifically wanted garden access"
2025-08-18T23:18:54.755138,66,16,82,"Property feedback: 0 positive, 1 negative, avg 1.6/5. Notes: User complained about commute time not being considered"
2025-08-18T23:18:55.760376,64,15,79,"Property feedback: 0 positive, 1 negative, avg 1.3/5. Notes: Location didn't meet user's commute requirements"
2025-08-18T23:18:56.557296,66,17,83,"Property feedback: 1 positive, 0 negative, avg 4.7/5. Notes: User loved the neighborhood vibe and local amenities"
2025-08-18T23:18:57.408606,66,18,84,"Property feedback: 1 positive, 0 negative, avg 3.9/5. Notes: Perfect match - user specifically wanted garden access"
2025-08-18T23:18:58.344091,64,18,82,"Property feedback: 1 positive, 0 negative, avg 3.7/5. Notes: Good space layout met user requirements"
2025-08-18T23:18:59.352619,64,17,81,"Property feedback: 1 positive, 0 negative, avg 4.4/5. Notes: Good space layout met user requirements"
2025-08-18T23:19:00.162864,65,16,81,"Property feedback: 1 positive, 0 negative, avg 4.8/5. Notes: Excellent lifestyle match - young professional area"
2025-08-18T23:19:01.179695,65,17,82,"Property feedback: 1 positive, 0 negative, avg 3.9/5. Notes: Outstanding match - user signed lease immediately"
2025-08-18T23:19:01.900171,65,18,83,"Property feedback: 1 positive, 0 negative, avg 4.6/5. Notes: Excellent lifestyle match - young professional area"
2025-08-18T23:19:03.002794,66,17,83,"Property feedback: 1 positive, 0 negative, avg 4.6/5. Notes: Perfect match - user specifically wanted garden access"
2025-08-18T23:19:04.112410,66,16,82,"Property feedback: 0 positive, 1 negative, avg 1.4/5. Notes: User's work schedule conflicts with showing times"
2025-08-18T23:19:17.987646,67,15,82,"Property feedback: 1 positive, 0 negative, avg 3.9/5. Notes: Great match - user found exactly what they needed"
2025-08-18T23:19:19.293815,66,16,82,"Property feedback: 1 positive, 0 negative, avg 4.2/5. Notes: Perfect lifestyle match - quiet neighborhood request met"
2025-08-18T23:19:20.521341,65,17,82,"Property feedback: 1 positive, 0 negative, avg 3.8/5. Notes: Good match overall with minor preferences met"
2025-08-18T23:19:21.394849,67,15,82,"Property feedback: 1 positive, 0 negative, avg 4.9/5. Notes: Excellent match - user loved the location and amenities"
2025-08-18T23:19:22.097149,65,16,81,"Property feedback: 1 positive, 0 negative, avg 4.4/5. Notes: User appreciated quick response and good communication"
2025-08-18T23:19:22.844227,68,16,84,"Property feedback: 0 positive, 1 negative, avg 2.8/5. Notes: User's family size didn't fit - needed more bedrooms"
2025-08-18T23:19:23.780761,67,17,84,"Property feedback: 1 positive, 0 negative, avg 4.2/5. Notes: Excellent match - user loved the location and amenities"
2025-08-18T23:19:24.677752,65,17,82,"Property feedback: 0 positive, 1 negative, avg 2.3/5. Notes: User needed parking but property had none"
2025-08-18T23:19:26.103038,65,15,80,"Property feedback: 1 positive, 0 negative, avg 4.2/5. Notes: Good match overall with minor preferences met"
2025-08-18T23:19:26.928709,66,17,83,"Property feedback: 1 positive, 0 negative, avg 3.6/5. Notes: Perfect match - user specifically wanted garden access"
2025-08-18T23:19:27.923413,65,16,81,"Property feedback: 1 positive, 0 negative, avg 4.1/5. Notes: User appreciated quick response and good communication"
2025-08-18T23:19:52.484217,870,10,880,"{""owner"": {""owner_id"": ""f19d54d2-6cd5-319e-ac62-095ac939b7ca"", ""owner"": {""state"": ""Chicago"", ""price"": 800, ""bedrooms"": 2, ""available_from"": ""April"", ""soft_attributes"": ""calm and zen atmosphere, full kitchen, large private backyard, convenient access to subway lines, surrounded by restaurants and shops""}, ""owner_fairness"": {""application_date"": ""2025-08-05"", ""number_of_shows"": 0, ""days_since_application"": 13}}, ""candidates"": [{""user_id"": ""99f67263-cad4-6d44-94a1-59f646d9a83c"", ""score"": 0.5373, ""user"": {""state"": [""Chicago""], ""price"": 2200, ""bedrooms"": 1, ""available_from"": ""November"", ""soft_attributes"": ""green area, close to schools, park and subway, air conditioning, laundry room""}, ""user_fairness"": {""application_date"": ""2025-07-18"", ""number_of_shows"": 2, ""days_since_application"": 31}}, {""user_id"": ""4eae443e-b83a-bd7d-fb63-9cefe3c11c01"", ""score"": 0.4934, ""user"": {""state"": ""Chicago"", ""price"": 1600, ""bedrooms"": 1, ""available_from"": ""April"", ""soft_attributes"": ""cozy, close to Times Square, good location""}, ""user_fairness"": {""application_date"": ""2025-07-01"", ""number_of_shows"": 1, ""days_since_application"": 48}}, {""user_id"": ""57eb89a8-daa4-e021-f98c-0dbaca0f6156"", ""score"": 0.4296, ""user"": {""state"": [""Chicago""], ""price"": 2200, ""bedrooms"": 2, ""available_from"": ""June"", ""soft_attributes"": ""near cafes, gym and pool, green area, sea view""}, ""user_fairness"": {""application_date"": ""2025-08-12"", ""number_of_shows"": ""0"", ""days_since_application"": 6}}], ""today_iso"": ""2025-08-18"", ""stats"": {""candidate_count"": 3, ""mean_top5"": 0.4868, ""starvation_override"": false}}"
2025-08-18T23:20:00.769193,1733,10,1743,"{""owner"": {""owner_id"": ""dfa26407-aa3f-d174-c22d-5ce8740fdee5"", ""owner"": {""state"": ""New York"", ""price"": 1500, ""bedrooms"": 1, ""available_from"": null, ""soft_attributes"": ""exquisitely upgraded, contemporary space, large windows, private deck, ample natural sunlight, flexible lease terms, proximity to dining options, close to freeways, easy access to Civic Center""}, ""owner_fairness"": {""application_date"": ""2025-08-01"", ""number_of_shows"": 1, ""days_since_application"": 17}}, ""candidates"": [{""user_id"": ""bcb96dc7-cad0-5808-0e12-0ee7f2c87f4f"", ""score"": 0.5878, ""user"": {""state"": ""New York"", ""price"": 800, ""bedrooms"": 1, ""available_from"": ""February"", ""soft_attributes"": ""modern, private backyard patio, access to rooftop deck""}, ""user_fairness"": {""application_date"": ""2025-08-12"", ""number_of_shows"": 0, ""days_since_application"": 6}}, {""user_id"": ""a46d91bd-e4fa-82f4-ca62-ed9243c08781"", ""score"": 0.5743, ""user"": {""state"": ""New York"", ""price"": 2500, ""bedrooms"": 1, ""available_from"": ""October"", ""soft_attributes"": ""pet-friendly, great natural light, immediate move-in""}, ""user_fairness"": {""application_date"": ""2025-07-30"", ""number_of_shows"": 2, ""days_since_application"": 19}}, {""user_id"": ""34095128-d0f6-3bd7-9b37-830f9d654cf0"", ""score"": 0.5601, ""user"": {""state"": ""New York"", ""price"": null, ""bedrooms"": 1, ""available_from"": null, ""soft_attributes"": ""furnished, modern decor, cozy living space, close to city's attractions""}, ""user_fairness"": {""application_date"": ""2025-08-05"", ""number_of_shows"": 5, ""days_since_application"": 13}}, {""user_id"": ""10897f69-d8ec-5d8d-51b7-e3db8c25e40e"", ""score"": 0.56, ""user"": {""state"": ""New York"", ""price"": 2500, ""bedrooms"": 1, ""available_from"": null, ""soft_attributes"": ""vibrant urban living, easy access to bars, restaurants, public transportation""}, ""user_fairness"": {""application_date"": ""2025-07-05"", ""number_of_shows"": 0, ""days_since_application"": 44}}, {""user_id"": ""57023464-1072-2429-e892-9ee74d014c3a"", ""score"": 0.5562, ""user"": {""state"": ""New York"", ""price"": null, ""bedrooms"": 1, ""available_from"": null, ""soft_attributes"": ""modern amenities, stylish community atmosphere, vibrant neighborhood""}, ""user_fairness"": {""application_date"": ""2025-07-26"", ""number_of_shows"": 0, ""days_since_application"": 23}}, {""user_id"": ""67cbd391-304c-bcab-ad84-13ecddb156a6"", ""score"": 0.5545, ""user"": {""state"": ""New York"", ""price"": 1200, ""bedrooms"": 1, ""available_from"": ""January"", ""soft_attributes"": ""luxury, fully furnished, easy access to public transportation""}, ""user_fairness"": {""application_date"": ""2025-07-22"", ""number_of_shows"": 3, ""days_since_application"": 27}}, {""user_id"": ""66b4e5cb-bf2d-cfa1-ebd0-83b6d6fcfd10"", ""score"": 0.5518, ""user"": {""state"": ""New York"", ""price"": 2000, ""bedrooms"": 1, ""available_from"": ""September"", ""soft_attributes"": ""located in historic district, private deck, access to a backyard""}, ""user_fairness"": {""application_date"": ""2025-07-14"", ""number_of_shows"": 1, ""days_since_application"": 35}}, {""user_id"": ""f2fc6f4c-f54f-3c82-82bc-d0dd22ea69e6"", ""score"": 0.5509, ""user"": {""state"": ""New York"", ""price"": null, ""bedrooms"": 1, ""available_from"": null, ""soft_attributes"": ""modern, hardwood floors, plenty of natural light, access to subway lines, close to local amenities""}, ""user_fairness"": {""application_date"": ""2025-07-12"", ""number_of_shows"": 1, ""days_since_application"": 37}}, {""user_id"": ""3b11f2f0-f900-f1c7-6ec1-20a3aaf7f146"", ""score"": 0.5507, ""user"": {""state"": ""New York"", ""price"": 800, ""bedrooms"": 1, ""available_from"": ""November"", ""soft_attributes"": ""spacious, modern, furnished, well-equipped kitchen, access to living room, close to subway, easy commuting""}, ""user_fairness"": {""application_date"": ""2025-08-01"", ""number_of_shows"": 4, ""days_since_application"": 17}}, {""user_id"": ""434f8d45-1487-b7c7-1d70-9235729a97ce"", ""score"": 0.5432, ""user"": {""state"": ""New York"", ""price"": null, ""bedrooms"": 1, ""available_from"": null, ""soft_attributes"": ""quiet, access to backyard, spacious living space""}, ""user_fairness"": {""application_date"": ""2025-08-05"", ""number_of_shows"": 1, ""days_since_application"": 13}}], ""today_iso"": ""2025-08-18"", ""stats"": {""candidate_count"": 10, ""mean_top5"": 0.5677, ""starvation_override"": false}}"
2025-08-18T23:20:09.625884,1752,10,1762,"{""owner"": {""owner_id"": ""3d2b42bf-16e0-6f7c-7dc7-88229fb725de"", ""owner"": {""state"": ""New York"", ""price"": 1500, ""bedrooms"": 3, ""available_from"": null, ""soft_attributes"": ""charming, perfect for families or groups, private balcony, hardwood floors, wireless internet, cable TV, 24/7 doorman service, on-site laundry, gym access for a fee""}, ""owner_fairness"": {""application_date"": ""2025-07-27"", ""number_of_shows"": 0, ""days_since_application"": 22}}, ""candidates"": [{""user_id"": ""9c50da7f-a9e0-d290-9f06-799fbf128157"", ""score"": 0.6777, ""user"": {""state"": ""New York"", ""price"": null, ""bedrooms"": 3, ""available_from"": null, ""soft_attributes"": ""family-friendly, suitable for groups, private balcony, on-site laundry""}, ""user_fairness"": {""application_date"": ""2025-07-30"", ""number_of_shows"": 0, ""days_since_application"": 19}}, {""user_id"": ""a6686bba-0a81-78d9-3bed-53ae6e7b4ad1"", ""score"": 0.6296, ""user"": {""state"": ""New York"", ""price"": null, ""bedrooms"": 1, ""available_from"": null, ""soft_attributes"": ""luxury, modern amenities, fitness center, concierge service, convenient access to subway stations, close to attractions like The High Line""}, ""user_fairness"": {""application_date"": ""2025-07-24"", ""number_of_shows"": 3, ""days_since_application"": 25}}, {""user_id"": ""08aa3a72-4325-b3f0-2506-50e514345189"", ""score"": 0.5926, ""user"": {""state"": ""New York"", ""price"": null, ""bedrooms"": 1, ""available_from"": null, ""soft_attributes"": ""luxurious, great views, close to Central Park, access to gym and concierge""}, ""user_fairness"": {""application_date"": ""2025-07-08"", ""number_of_shows"": 2, ""days_since_application"": 41}}, {""user_id"": ""e60e2d57-9640-3182-aea4-8b908c4ea88f"", ""score"": 0.5834, ""user"": {""state"": ""New York"", ""price"": null, ""bedrooms"": 1, ""available_from"": null, ""soft_attributes"": ""fully furnished, ready for immediate living, access to building amenities, doorman""}, ""user_fairness"": {""application_date"": ""2025-07-04"", ""number_of_shows"": 1, ""days_since_application"": 45}}, {""user_id"": ""74fdfef5-4f16-42b8-931f-e0ed8e6c67a1"", ""score"": 0.5804, ""user"": {""state"": ""New York"", ""price"": null, ""bedrooms"": 1, ""available_from"": null, ""soft_attributes"": ""unique, building amenities, doorman, roof deck""}, ""user_fairness"": {""application_date"": ""2025-08-01"", ""number_of_shows"": 0, ""days_since_application"": 17}}, {""user_id"": ""f2d47aa4-5004-2a6c-0519-b6dbbaa79058"", ""score"": 0.5778, ""user"": {""state"": ""New York"", ""price"": 2000, ""bedrooms"": 1, ""available_from"": ""February"", ""soft_attributes"": ""furnished, close to Grand Central Station, gym access, business center""}, ""user_fairness"": {""application_date"": ""2025-07-24"", ""number_of_shows"": 2, ""days_since_application"": 25}}, {""user_id"": ""aa1ea06b-3f0c-8423-ff6c-0489217766bd"", ""score"": 0.5702, ""user"": {""state"": ""New York"", ""price"": null, ""bedrooms"": 1, ""available_from"": null, ""soft_attributes"": ""comfortable living space, air conditioning, doorman, cozy, welcoming""}, ""user_fairness"": {""application_date"": ""2025-07-25"", ""number_of_shows"": 1, ""days_since_application"": 24}}, {""user_id"": ""ea27baf0-d0da-488c-ca57-b57b5024e57f"", ""score"": 0.5599, ""user"": {""state"": ""New York"", ""price"": null, ""bedrooms"": 1, ""available_from"": null, ""soft_attributes"": ""modern, close to subway lines, rooftop lounge, gym""}, ""user_fairness"": {""application_date"": ""2025-07-24"", ""number_of_shows"": 3, ""days_since_application"": 25}}, {""user_id"": ""a53e49b9-eeff-a926-0a04-8ded30583e17"", ""score"": 0.5499, ""user"": {""state"": ""New York"", ""price"": 2500, ""bedrooms"": 1, ""available_from"": null, ""soft_attributes"": ""modern, peaceful yet central, near Queens Plaza, convenient, comfortable, access to gym and pool""}, ""user_fairness"": {""application_date"": ""2025-07-26"", ""number_of_shows"": 2, ""days_since_application"": 23}}, {""user_id"": ""daef7fbb-202a-3a88-f89d-bb81d16e64ef"", ""score"": 0.5469, ""user"": {""state"": ""New York"", ""price"": 3000, ""bedrooms"": 2, ""available_from"": ""April"", ""soft_attributes"": ""modern, office space, private terrace, building amenities, gym, rooftop access""}, ""user_fairness"": {""application_date"": ""2025-07-13"", ""number_of_shows"": 0, ""days_since_application"": 36}}], ""today_iso"": ""2025-08-18"", ""stats"": {""candidate_count"": 10, ""mean_top5"": 0.6127, ""starvation_override"": true}}"
2025-08-18T23:21:15.766033,649,10,659,"{""owner"": {""owner_id"": ""01179705-5b99-02ba-3ef1-fc89b4639185"", ""owner"": {""state"": ""CA"", ""price"": 2000, ""bedrooms"": 2, ""available_from"": null, ""soft_attributes"": """"}, ""owner_fairness"": {""application_date"": ""2025-01-01"", ""number_of_shows"": 0, ""days_since_application"": 30}}, ""candidates"": [{""user_id"": ""test1"", ""score"": 0.7, ""user"": {""state"": ""CA"", ""price"": 1800, ""bedrooms"": null, ""available_from"": null, ""soft_attributes"": """"}, ""user_fairness"": {""application_date"": ""2025-01-01"", ""number_of_shows"": 0, ""days_since_application"": 30}}, {""user_id"": ""test2"", ""score"": 0.6, ""user"": {""state"": ""CA"", ""price"": 1900, ""bedrooms"": null, ""available_from"": null, ""soft_attributes"": """"}, ""user_fairness"": {""application_date"": ""2025-01-10"", ""number_of_shows"": 1, ""days_since_application"": 20}}], ""today_iso"": ""2025-08-18"", ""stats"": {""candidate_count"": 2, ""mean_top5"": 0.65, ""starvation_override"": true}}"
2025-08-19T08:36:54.921007,1726,10,1736,"{""owner"": {""owner_id"": ""4e443aab-307e-9e6b-2fea-63a388fd7633"", ""owner"": {""state"": ""New York"", ""price"": 1800, ""bedrooms"": 1, ""available_from"": null, ""soft_attributes"": ""renovated, modern, queen-size bed, air conditioning, near subway station, surrounded by restaurants, shopping, and nightlife""}, ""owner_fairness"": {""application_date"": ""2025-07-14"", ""number_of_shows"": 0, ""days_since_application"": 36}}, ""candidates"": [{""user_id"": ""4cbbb51d-a7e7-bd64-5536-deb91e1d7c9a"", ""score"": 0.7412, ""user"": {""state"": ""New York"", ""price"": null, ""bedrooms"": 1, ""available_from"": null, ""soft_attributes"": ""modern, close to subway, near restaurants and nightlife""}, ""user_fairness"": {""application_date"": ""2025-07-02"", ""number_of_shows"": 0, ""days_since_application"": 48}}, {""user_id"": ""3b11f2f0-f900-f1c7-6ec1-20a3aaf7f146"", ""score"": 0.6488, ""user"": {""state"": ""New York"", ""price"": 800, ""bedrooms"": 1, ""available_from"": ""November"", ""soft_attributes"": ""spacious, modern, furnished, well-equipped kitchen, access to living room, close to subway, easy commuting""}, ""user_fairness"": {""application_date"": ""2025-08-01"", ""number_of_shows"": 4, ""days_since_application"": 18}}, {""user_id"": ""6c4cd5ab-1e2a-572e-5648-92914bf10c8c"", ""score"": 0.6417, ""user"": {""state"": ""New York"", ""price"": null, ""bedrooms"": 1, ""available_from"": null, ""soft_attributes"": ""modern amenities, close to subway, easy access to shopping and services""}, ""user_fairness"": {""application_date"": ""2025-07-02"", ""number_of_shows"": 1, ""days_since_application"": 48}}, {""user_id"": ""719c96dd-7039-6c09-d0d7-94bce03bf966"", ""score"": 0.6403, ""user"": {""state"": ""New York"", ""price"": null, ""bedrooms"": 1, ""available_from"": null, ""soft_attributes"": ""fully furnished, close to public transportation, near vibrant restaurants and shops""}, ""user_fairness"": {""application_date"": ""2025-08-06"", ""number_of_shows"": 0, ""days_since_application"": 13}}, {""user_id"": ""9f4deebc-5ebb-8ed2-bfa9-4305baa4bfbd"", ""score"": 0.6205, ""user"": {""state"": ""New York"", ""price"": 2500, ""bedrooms"": 1, ""available_from"": null, ""soft_attributes"": ""modern, close to restaurants and bars, easy access to subway, good for trips to Manhattan""}, ""user_fairness"": {""application_date"": ""2025-07-17"", ""number_of_shows"": 3, ""days_since_application"": 33}}, {""user_id"": ""865b31fb-6491-983c-d505-8ff38a38bdc6"", ""score"": 0.6194, ""user"": {""state"": ""New York"", ""price"": null, ""bedrooms"": 1, ""available_from"": null, ""soft_attributes"": ""modern, close to subway, easy access to Times Square""}, ""user_fairness"": {""application_date"": ""2025-08-11"", ""number_of_shows"": 0, ""days_since_application"": 8}}, {""user_id"": ""ea27baf0-d0da-488c-ca57-b57b5024e57f"", ""score"": 0.6138, ""user"": {""state"": ""New York"", ""price"": null, ""bedrooms"": 1, ""available_from"": null, ""soft_attributes"": ""modern, close to subway lines, rooftop lounge, gym""}, ""user_fairness"": {""application_date"": ""2025-07-24"", ""number_of_shows"": 3, ""days_since_application"": 26}}, {""user_id"": ""1f296126-1ddd-23be-b91d-f0ab49b0278d"", ""score"": 0.605, ""user"": {""state"": ""New York"", ""price"": null, ""bedrooms"": 1, ""available_from"": null, ""soft_attributes"": ""modern amenities, near shopping, close to attractions""}, ""user_fairness"": {""application_date"": ""2025-07-26"", ""number_of_shows"": 1, ""days_since_application"": 24}}, {""user_id"": ""e6dc45d9-7d95-c659-37b1-ce15dceef2d6"", ""score"": 0.6046, ""user"": {""state"": ""New York"", ""price"": null, ""bedrooms"": 1, ""available_from"": null, ""soft_attributes"": ""close to subway, clean, well-maintained""}, ""user_fairness"": {""application_date"": ""2025-07-22"", ""number_of_shows"": 0, ""days_since_application"": 28}}, {""user_id"": ""a6686bba-0a81-78d9-3bed-53ae6e7b4ad1"", ""score"": 0.5995, ""user"": {""state"": ""New York"", ""price"": null, ""bedrooms"": 1, ""available_from"": null, ""soft_attributes"": ""luxury, modern amenities, fitness center, concierge service, convenient access to subway stations, close to attractions like The High Line""}, ""user_fairness"": {""application_date"": ""2025-07-24"", ""number_of_shows"": 3, ""days_since_application"": 26}}], ""today_iso"": ""2025-08-19"", ""stats"": {""candidate_count"": 10, ""mean_top5"": 0.6585, ""starvation_override"": true}}"
2025-08-19T08:37:03.688692,1718,10,1728,"{""owner"": {""owner_id"": ""04722e21-4ea5-cc79-f7c8-3e7d198c64d2"", ""owner"": {""state"": ""Los Angeles"", ""price"": 1800, ""bedrooms"": 4, ""available_from"": null, ""soft_attributes"": ""spacious Edwardian home, newly renovated, quiet cul-de-sac location, two private parking spots, high-speed internet, great city views, convenient access to public transportation""}, ""owner_fairness"": {""application_date"": ""2025-07-25"", ""number_of_shows"": 0, ""days_since_application"": 25}}, ""candidates"": [{""user_id"": ""dd5038cf-b342-a642-b5da-73ca49180762"", ""score"": 0.5999, ""user"": {""state"": ""Los Angeles"", ""price"": 2500, ""bedrooms"": 2, ""available_from"": null, ""soft_attributes"": ""spacious, high ceilings, 2 full bathrooms, easy access to attractions and subway lines""}, ""user_fairness"": {""application_date"": ""2025-07-12"", ""number_of_shows"": 1, ""days_since_application"": 38}}, {""user_id"": ""0422535c-58ad-ac69-c236-1dec59b11dd1"", ""score"": 0.5901, ""user"": {""state"": ""Los Angeles"", ""price"": 2400, ""bedrooms"": 1, ""available_from"": ""April"", ""soft_attributes"": ""bright, spacious, access to parks, subway nearby""}, ""user_fairness"": {""application_date"": ""2025-07-09"", ""number_of_shows"": 2, ""days_since_application"": 41}}, {""user_id"": ""b0874a50-083e-60ef-1b2b-7e63ae229d76"", ""score"": 0.577, ""user"": {""state"": ""Los Angeles"", ""price"": 2500, ""bedrooms"": 3, ""available_from"": null, ""soft_attributes"": ""spacious, family-friendly, access to parks, close to public transportation""}, ""user_fairness"": {""application_date"": ""2025-07-12"", ""number_of_shows"": 1, ""days_since_application"": 38}}, {""user_id"": ""333ad734-795d-127a-b3bd-8e568727dc21"", ""score"": 0.5762, ""user"": {""state"": ""Los Angeles"", ""price"": null, ""bedrooms"": 1, ""available_from"": null, ""soft_attributes"": ""quiet, tree-lined street, access to shared outdoor space""}, ""user_fairness"": {""application_date"": ""2025-07-20"", ""number_of_shows"": 1, ""days_since_application"": 30}}, {""user_id"": ""4f2f757b-e8bb-55e0-9566-4601a4c60c7e"", ""score"": 0.5651, ""user"": {""state"": ""Los Angeles"", ""price"": null, ""bedrooms"": 1, ""available_from"": null, ""soft_attributes"": ""city living, close to public transportation, comfortable with shared spaces""}, ""user_fairness"": {""application_date"": ""2025-07-11"", ""number_of_shows"": 2, ""days_since_application"": 39}}, {""user_id"": ""20e46ffb-9c12-d899-e6ba-6e30234e802b"", ""score"": 0.5526, ""user"": {""state"": ""Los Angeles"", ""price"": null, ""bedrooms"": 1, ""available_from"": null, ""soft_attributes"": ""charming, vintage and modern furnishings, private entrance, quick commute to downtown Manhattan""}, ""user_fairness"": {""application_date"": ""2025-07-17"", ""number_of_shows"": 4, ""days_since_application"": 33}}, {""user_id"": ""3d4e5178-3baa-dfc1-929a-d3f84f5d1a26"", ""score"": 0.5525, ""user"": {""state"": ""Los Angeles"", ""price"": null, ""bedrooms"": 1, ""available_from"": null, ""soft_attributes"": ""top floor, skyline views, elevator access, near public transportation, close to dining options""}, ""user_fairness"": {""application_date"": ""2025-07-15"", ""number_of_shows"": 1, ""days_since_application"": 35}}, {""user_id"": ""624846cf-8f13-a046-eff6-4e3a8dc9a477"", ""score"": 0.5508, ""user"": {""state"": ""Los Angeles"", ""price"": 2800, ""bedrooms"": 2, ""available_from"": null, ""soft_attributes"": ""pet-friendly, quiet, tree-lined street""}, ""user_fairness"": {""application_date"": ""2025-08-12"", ""number_of_shows"": 0, ""days_since_application"": 7}}, {""user_id"": ""b16d20ec-03ad-eab1-08ee-883ea86d4c93"", ""score"": 0.5491, ""user"": {""state"": ""Los Angeles"", ""price"": 1200, ""bedrooms"": 2, ""available_from"": ""May"", ""soft_attributes"": ""cozy, centrally located, easy access to amenities""}, ""user_fairness"": {""application_date"": ""2025-07-14"", ""number_of_shows"": 0, ""days_since_application"": 36}}, {""user_id"": ""5e661be6-fda2-17d7-c98a-9bf0741bd4d6"", ""score"": 0.5445, ""user"": {""state"": ""Los Angeles"", ""price"": 2500, ""bedrooms"": 1, ""available_from"": null, ""soft_attributes"": ""furnished, cozy atmosphere, hardwood floors, nearby parking options""}, ""user_fairness"": {""application_date"": ""2025-08-11"", ""number_of_shows"": 1, ""days_since_application"": 8}}], ""today_iso"": ""2025-08-19"", ""stats"": {""candidate_count"": 10, ""mean_top5"": 0.5817, ""starvation_override"": true}}"
2025-08-19T08:37:11.204917,1341,10,1351,"{""owner"": {""owner_id"": ""55b3b155-9a63-78f7-9b93-43f6682d2ebf"", ""owner"": {""state"": ""Miami"", ""price"": 800, ""bedrooms"": 1, ""available_from"": ""July"", ""soft_attributes"": ""located near Montefiore Hospital, near the Bronx Zoo, near Yankee Stadium, ideal for single occupancy, free parking, free WiFi""}, ""owner_fairness"": {""application_date"": ""2025-07-17"", ""number_of_shows"": 0, ""days_since_application"": 33}}, ""candidates"": [{""user_id"": ""766c9df3-1a46-1a8f-feb0-6a2935a1754e"", ""score"": 0.5186, ""user"": {""state"": ""Miami"", ""price"": 2400, ""bedrooms"": 1, ""available_from"": ""July"", ""soft_attributes"": ""vibrant area, easy access to Manhattan, gym, rooftop deck""}, ""user_fairness"": {""application_date"": ""2025-07-25"", ""number_of_shows"": 3, ""days_since_application"": 25}}, {""user_id"": ""99fef2e9-c7e4-f816-51af-9e98b5485c72"", ""score"": 0.442, ""user"": {""state"": ""Miami"", ""price"": 3000, ""bedrooms"": 1, ""available_from"": ""July"", ""soft_attributes"": ""quiet, tree-lined block, near Tompkins Square Park""}, ""user_fairness"": {""application_date"": ""2025-08-01"", ""number_of_shows"": 1, ""days_since_application"": 18}}, {""user_id"": ""a0415e16-fa06-2665-0800-c80cc5adff23"", ""score"": 0.4139, ""user"": {""state"": ""Miami"", ""price"": 1200, ""bedrooms"": 1, ""available_from"": ""July"", ""soft_attributes"": ""private room, A/C, dedicated workspace""}, ""user_fairness"": {""application_date"": ""2025-07-07"", ""number_of_shows"": 1, ""days_since_application"": 43}}, {""user_id"": ""bbd29790-6764-9d2d-af5b-1dc7cff87f0c"", ""score"": 0.4025, ""user"": {""state"": ""Miami"", ""price"": 2400, ""bedrooms"": 1, ""available_from"": ""July"", ""soft_attributes"": ""luxury, great views, views of Manhattan skyline""}, ""user_fairness"": {""application_date"": ""2025-07-17"", ""number_of_shows"": 1, ""days_since_application"": 33}}, {""user_id"": ""3163ce14-e966-abeb-827e-b9a74ea0a21a"", ""score"": 0.3552, ""user"": {""state"": ""Miami"", ""price"": 800, ""bedrooms"": 1, ""available_from"": ""July"", ""soft_attributes"": ""peaceful environment, ideal for families""}, ""user_fairness"": {""application_date"": ""2025-07-18"", ""number_of_shows"": 0, ""days_since_application"": 32}}, {""user_id"": ""116eceee-ce62-3b5e-38ef-4b7c844b377c"", ""score"": 0.3207, ""user"": {""state"": ""Miami"", ""price"": 3000, ""bedrooms"": 1, ""available_from"": ""July"", ""soft_attributes"": ""private outdoor space""}, ""user_fairness"": {""application_date"": ""2025-07-29"", ""number_of_shows"": 0, ""days_since_application"": 21}}, {""user_id"": ""7e44cfb7-0727-87d5-3d75-74a645a8f880"", ""score"": 0.2587, ""user"": {""state"": ""Miami"", ""price"": 2400, ""bedrooms"": 1, ""available_from"": ""July"", ""soft_attributes"": ""modern kitchen, access to outdoor space like a private deck or shared backyard""}, ""user_fairness"": {""application_date"": ""2025-07-13"", ""number_of_shows"": 1, ""days_since_application"": 37}}], ""today_iso"": ""2025-08-19"", ""stats"": {""candidate_count"": 7, ""mean_top5"": 0.4264, ""starvation_override"": true}}"
2025-08-19T08:37:19.535996,1728,10,1738,"{""owner"": {""owner_id"": ""aa58359d-f53a-b43c-58c6-ea953e7b4c7e"", ""owner"": {""state"": ""Los Angeles"", ""price"": 2500, ""bedrooms"": 1, ""available_from"": null, ""soft_attributes"": ""community arts center, private shower, central air, separate entry for privacy, ideal for artists and travelers""}, ""owner_fairness"": {""application_date"": ""2025-07-02"", ""number_of_shows"": 0, ""days_since_application"": 48}}, ""candidates"": [{""user_id"": ""440568b5-2b6c-64de-2d8f-064531c90321"", ""score"": 0.7647, ""user"": {""state"": ""Los Angeles"", ""price"": 2500, ""bedrooms"": 1, ""available_from"": null, ""soft_attributes"": ""community arts center, inspiring environment, central air, privacy""}, ""user_fairness"": {""application_date"": ""2025-08-09"", ""number_of_shows"": 0, ""days_since_application"": 10}}, {""user_id"": ""78c98d1a-5e99-7753-b8be-8ed70258df36"", ""score"": 0.5198, ""user"": {""state"": ""Los Angeles"", ""price"": 2500, ""bedrooms"": 1, ""available_from"": null, ""soft_attributes"": ""modern, high ceilings, rooftop access, suitable for a solo traveler""}, ""user_fairness"": {""application_date"": ""2025-07-04"", ""number_of_shows"": 2, ""days_since_application"": 46}}, {""user_id"": ""061a4fdd-c287-ea50-282b-3fb79fbfd1f3"", ""score"": 0.4946, ""user"": {""state"": ""Los Angeles"", ""price"": 3000, ""bedrooms"": 1, ""available_from"": ""December"", ""soft_attributes"": ""easy access to public transportation, close to Central Park, near cultural attractions, suitable for female tenants""}, ""user_fairness"": {""application_date"": ""2025-07-17"", ""number_of_shows"": 1, ""days_since_application"": 33}}, {""user_id"": ""dd6072c7-ff8f-bc1f-44af-ece1859e581d"", ""score"": 0.4606, ""user"": {""state"": ""Los Angeles"", ""price"": 2500, ""bedrooms"": 1, ""available_from"": null, ""soft_attributes"": ""cozy atmosphere, suitable for urban adventurers, open to street noise""}, ""user_fairness"": {""application_date"": ""2025-07-24"", ""number_of_shows"": 1, ""days_since_application"": 26}}, {""user_id"": ""3e91e308-97c8-5c72-b42a-b61498983051"", ""score"": 0.4489, ""user"": {""state"": ""Los Angeles"", ""price"": 2500, ""bedrooms"": 1, ""available_from"": null, ""soft_attributes"": ""peaceful, cozy, spacious kitchen, modern amenities""}, ""user_fairness"": {""application_date"": ""2025-07-30"", ""number_of_shows"": 4, ""days_since_application"": 20}}, {""user_id"": ""5e661be6-fda2-17d7-c98a-9bf0741bd4d6"", ""score"": 0.4449, ""user"": {""state"": ""Los Angeles"", ""price"": 2500, ""bedrooms"": 1, ""available_from"": null, ""soft_attributes"": ""furnished, cozy atmosphere, hardwood floors, nearby parking options""}, ""user_fairness"": {""application_date"": ""2025-08-11"", ""number_of_shows"": 1, ""days_since_application"": 8}}, {""user_id"": ""6922d910-b24c-c895-3f6c-4479b9ebc599"", ""score"": 0.4436, ""user"": {""state"": ""Los Angeles"", ""price"": 2500, ""bedrooms"": 1, ""available_from"": null, ""soft_attributes"": ""bright, near subways, near the Highline, clean, quiet, suitable for short-term assignment""}, ""user_fairness"": {""application_date"": ""2025-07-13"", ""number_of_shows"": 0, ""days_since_application"": 37}}, {""user_id"": ""6c1a808a-e403-fb75-3fe0-d7440d76307a"", ""score"": 0.4304, ""user"": {""state"": ""Los Angeles"", ""price"": 2500, ""bedrooms"": 1, ""available_from"": ""October"", ""soft_attributes"": ""quiet area, close to public transportation, close to amenities""}, ""user_fairness"": {""application_date"": ""2025-07-25"", ""number_of_shows"": 1, ""days_since_application"": 25}}, {""user_id"": ""097a26be-7d8d-ed04-2cb7-3e7e3f2ba0f4"", ""score"": 0.4288, ""user"": {""state"": ""Los Angeles"", ""price"": 2500, ""bedrooms"": 1, ""available_from"": ""September"", ""soft_attributes"": ""close to Central Park or subway lines, natural light, building amenities like a gym""}, ""user_fairness"": {""application_date"": ""2025-07-08"", ""number_of_shows"": 3, ""days_since_application"": 42}}, {""user_id"": ""3815631e-da76-e895-ed47-a225391ec32e"", ""score"": 0.4175, ""user"": {""state"": ""Los Angeles"", ""price"": 2500, ""bedrooms"": 1, ""available_from"": null, ""soft_attributes"": ""high ceilings, plenty of natural light, safe and welcoming neighborhood""}, ""user_fairness"": {""application_date"": ""2025-07-30"", ""number_of_shows"": 0, ""days_since_application"": 20}}], ""today_iso"": ""2025-08-19"", ""stats"": {""candidate_count"": 10, ""mean_top5"": 0.5377, ""starvation_override"": true}}"
2025-08-19T19:31:15.892028,502,10,512,"{""owner"": {""owner_id"": ""bb2b4c30-c4c5-5e24-fc3d-47a436d74fe2"", ""owner"": {""state"": ""Chicago"", ""price"": 2400, ""bedrooms"": 1, ""available_from"": ""August"", ""soft_attributes"": ""cozy space, ample natural light, includes desk and closet space, well-kept""}, ""owner_fairness"": {""application_date"": ""2025-07-26"", ""number_of_shows"": 0, ""days_since_application"": 24}}, ""candidates"": [], ""today_iso"": ""2025-08-19"", ""stats"": {""candidate_count"": 0, ""mean_top5"": 0.0, ""starvation_override"": true}}"
2025-08-19T19:31:20.130289,1755,10,1765,"{""owner"": {""owner_id"": ""dd64a9f6-342b-18c0-4f3a-f25bd745b1f8"", ""owner"": {""state"": ""New York"", ""price"": 1500, ""bedrooms"": 1, ""available_from"": null, ""soft_attributes"": ""newly renovated, serene tree-lined street, close to restaurants and transportation, modern appliances, free parking in driveway""}, ""owner_fairness"": {""application_date"": ""2025-08-08"", ""number_of_shows"": 0, ""days_since_application"": 11}}, ""candidates"": [{""user_id"": ""59b3ca9c-5269-b06a-3fd8-255fe6261a49"", ""score"": 0.6771, ""user"": {""state"": ""New York"", ""price"": null, ""bedrooms"": 1, ""available_from"": null, ""soft_attributes"": ""quiet, located on a tree-lined street, close to Caribbean restaurants, near public transportation, free parking""}, ""user_fairness"": {""application_date"": ""2025-07-01"", ""number_of_shows"": 0, ""days_since_application"": 49}}, {""user_id"": ""3b11f2f0-f900-f1c7-6ec1-20a3aaf7f146"", ""score"": 0.6189, ""user"": {""state"": ""New York"", ""price"": 800, ""bedrooms"": 1, ""available_from"": ""November"", ""soft_attributes"": ""spacious, modern, furnished, well-equipped kitchen, access to living room, close to subway, easy commuting""}, ""user_fairness"": {""application_date"": ""2025-08-01"", ""number_of_shows"": 5, ""days_since_application"": 18}}, {""user_id"": ""719c96dd-7039-6c09-d0d7-94bce03bf966"", ""score"": 0.6188, ""user"": {""state"": ""New York"", ""price"": null, ""bedrooms"": 1, ""available_from"": null, ""soft_attributes"": ""fully furnished, close to public transportation, near vibrant restaurants and shops""}, ""user_fairness"": {""application_date"": ""2025-08-06"", ""number_of_shows"": 1, ""days_since_application"": 13}}, {""user_id"": ""7a3e7261-8885-a827-cdc0-5fa7be172541"", ""score"": 0.6186, ""user"": {""state"": ""New York"", ""price"": 800, ""bedrooms"": 1, ""available_from"": ""July"", ""soft_attributes"": ""modern design, newly renovated, close to restaurants, near Van Cortlandt Park""}, ""user_fairness"": {""application_date"": ""2025-07-04"", ""number_of_shows"": 1, ""days_since_application"": 46}}, {""user_id"": ""d448701a-c4b6-6c74-ac36-4c18b16240ef"", ""score"": 0.6087, ""user"": {""state"": ""New York"", ""price"": 2500, ""bedrooms"": 1, ""available_from"": null, ""soft_attributes"": ""modern, quiet street, proximity to great restaurants and bars, minimum 30-night stay""}, ""user_fairness"": {""application_date"": ""2025-07-24"", ""number_of_shows"": 2, ""days_since_application"": 26}}, {""user_id"": ""4cbbb51d-a7e7-bd64-5536-deb91e1d7c9a"", ""score"": 0.5947, ""user"": {""state"": ""New York"", ""price"": null, ""bedrooms"": 1, ""available_from"": null, ""soft_attributes"": ""modern, close to subway, near restaurants and nightlife""}, ""user_fairness"": {""application_date"": ""2025-07-02"", ""number_of_shows"": 1, ""days_since_application"": 48}}, {""user_id"": ""97ef8fe0-e49a-4918-0811-076fce141fe5"", ""score"": 0.5826, ""user"": {""state"": ""New York"", ""price"": 1200, ""bedrooms"": 1, ""available_from"": ""May"", ""soft_attributes"": ""furnished, near Cornelia Ave and Central Ave, access to public transportation, proximity to parks and shopping""}, ""user_fairness"": {""application_date"": ""2025-07-19"", ""number_of_shows"": 0, ""days_since_application"": 31}}, {""user_id"": ""f2fc6f4c-f54f-3c82-82bc-d0dd22ea69e6"", ""score"": 0.5804, ""user"": {""state"": ""New York"", ""price"": null, ""bedrooms"": 1, ""available_from"": null, ""soft_attributes"": ""modern, hardwood floors, plenty of natural light, access to subway lines, close to local amenities""}, ""user_fairness"": {""application_date"": ""2025-07-12"", ""number_of_shows"": 1, ""days_since_application"": 38}}, {""user_id"": ""6c4cd5ab-1e2a-572e-5648-92914bf10c8c"", ""score"": 0.58, ""user"": {""state"": ""New York"", ""price"": null, ""bedrooms"": 1, ""available_from"": null, ""soft_attributes"": ""modern amenities, close to subway, easy access to shopping and services""}, ""user_fairness"": {""application_date"": ""2025-07-02"", ""number_of_shows"": 2, ""days_since_application"": 48}}, {""user_id"": ""5aa7eba0-e57f-e2c7-d55e-a01ff618c805"", ""score"": 0.5758, ""user"": {""state"": ""New York"", ""price"": 2500, ""bedrooms"": 1, ""available_from"": null, ""soft_attributes"": ""vibrant neighborhood, easy access to subway lines, close to local restaurants""}, ""user_fairness"": {""application_date"": ""2025-07-15"", ""number_of_shows"": 3, ""days_since_application"": 35}}], ""today_iso"": ""2025-08-19"", ""stats"": {""candidate_count"": 10, ""mean_top5"": 0.6284, ""starvation_override"": false}}"
2025-08-19T19:31:24.322634,1710,10,1720,"{""owner"": {""owner_id"": ""20756ac6-299d-b0d0-61ca-83269c0e9bbb"", ""owner"": {""state"": ""Chicago"", ""price"": 1800, ""bedrooms"": 1, ""available_from"": null, ""soft_attributes"": ""vibrant neighborhood, easy access to landmarks, close to restaurants and stores, no Wi-Fi, no cable TV, great for local immersion""}, ""owner_fairness"": {""application_date"": ""2025-07-18"", ""number_of_shows"": 0, ""days_since_application"": 32}}, ""candidates"": [{""user_id"": ""04315916-c790-51ad-2d6e-20a4a380a2d7"", ""score"": 0.6584, ""user"": {""state"": ""Chicago"", ""price"": 3000, ""bedrooms"": 1, ""available_from"": ""January"", ""soft_attributes"": ""quiet living environment, access to amenities like Wi-Fi, proximity to markets and public transportation""}, ""user_fairness"": {""application_date"": ""2025-08-12"", ""number_of_shows"": 3, ""days_since_application"": 7}}, {""user_id"": ""ca401f51-0305-2615-bbaa-f2c61c5600db"", ""score"": 0.6386, ""user"": {""state"": ""Chicago"", ""price"": 2500, ""bedrooms"": 1, ""available_from"": null, ""soft_attributes"": ""vibrant nightlife, easy access to restaurants and bars""}, ""user_fairness"": {""application_date"": ""2025-07-01"", ""number_of_shows"": 0, ""days_since_application"": 49}}, {""user_id"": ""77a4a67c-bece-6367-c9c9-caeeb429e97b"", ""score"": 0.6267, ""user"": {""state"": ""Chicago"", ""price"": 800, ""bedrooms"": 1, ""available_from"": ""August"", ""soft_attributes"": ""cozy, safe, vibrant neighborhood, easy access to public transportation, close to local amenities""}, ""user_fairness"": {""application_date"": ""2025-07-15"", ""number_of_shows"": 0, ""days_since_application"": 35}}, {""user_id"": ""5f1a590e-6c09-37e0-34dd-5fd7765a14be"", ""score"": 0.6211, ""user"": {""state"": ""Chicago"", ""price"": 2500, ""bedrooms"": 1, ""available_from"": null, ""soft_attributes"": ""vibrant urban lifestyle, close to amenities, near grocery stores and restaurants""}, ""user_fairness"": {""application_date"": ""2025-07-13"", ""number_of_shows"": 0, ""days_since_application"": 37}}, {""user_id"": ""fc29b0ac-89b9-a4d6-13ae-5c4b0b919ced"", ""score"": 0.6193, ""user"": {""state"": ""Chicago"", ""price"": null, ""bedrooms"": 1, ""available_from"": null, ""soft_attributes"": ""fully furnished, vibrant neighborhood, close to public transportation, great dining options""}, ""user_fairness"": {""application_date"": ""2025-08-02"", ""number_of_shows"": 1, ""days_since_application"": 17}}, {""user_id"": ""53ea430c-d299-aeb1-e401-0f688c943ccd"", ""score"": 0.6166, ""user"": {""state"": ""Chicago"", ""price"": null, ""bedrooms"": 1, ""available_from"": null, ""soft_attributes"": ""vibrant urban lifestyle, close to shops and restaurants""}, ""user_fairness"": {""application_date"": ""2025-07-08"", ""number_of_shows"": 0, ""days_since_application"": 42}}, {""user_id"": ""381c844f-416b-b40c-6fa9-b0817646b8ac"", ""score"": 0.6025, ""user"": {""state"": ""Chicago"", ""price"": null, ""bedrooms"": 1, ""available_from"": null, ""soft_attributes"": ""vibrant area, access to fitness center, close to boutiques and attractions""}, ""user_fairness"": {""application_date"": ""2025-07-01"", ""number_of_shows"": 0, ""days_since_application"": 49}}, {""user_id"": ""529565c0-b58b-6bd4-5cf1-11f1da80db04"", ""score"": 0.6008, ""user"": {""state"": ""Chicago"", ""price"": 2500, ""bedrooms"": 1, ""available_from"": null, ""soft_attributes"": ""vibrant, up-and-coming neighborhood, quiet, no parties or large gatherings""}, ""user_fairness"": {""application_date"": ""2025-07-06"", ""number_of_shows"": 1, ""days_since_application"": 44}}, {""user_id"": ""cf1c52b6-c08c-0605-5aaf-844d640a44c6"", ""score"": 0.5953, ""user"": {""state"": ""Chicago"", ""price"": null, ""bedrooms"": 1, ""available_from"": null, ""soft_attributes"": ""modern, easy access to local boutiques, cafes, and restaurants""}, ""user_fairness"": {""application_date"": ""2025-07-30"", ""number_of_shows"": 0, ""days_since_application"": 20}}, {""user_id"": ""e423c4cc-3c05-ed2f-f439-2525dee744ed"", ""score"": 0.5949, ""user"": {""state"": ""Chicago"", ""price"": 2500, ""bedrooms"": 1, ""available_from"": null, ""soft_attributes"": ""vibrant neighborhood, immediate move-in""}, ""user_fairness"": {""application_date"": ""2025-07-18"", ""number_of_shows"": 1, ""days_since_application"": 32}}], ""today_iso"": ""2025-08-19"", ""stats"": {""candidate_count"": 10, ""mean_top5"": 0.6328, ""starvation_override"": true}}"
2025-08-19T19:31:26.824399,749,10,759,"{""owner"": {""owner_id"": ""209db6aa-6e15-ed8f-5d58-f5da73ed271b"", ""owner"": {""state"": ""Los Angeles"", ""price"": 2400, ""bedrooms"": 1, ""available_from"": ""February"", ""soft_attributes"": ""stylish apartment, conveniently located near Yankee Stadium, close to restaurants and shopping centers, easy access to public transportation, Times Square 20 minutes away, self-check-in available""}, ""owner_fairness"": {""application_date"": ""2025-07-01"", ""number_of_shows"": 0, ""days_since_application"": 49}}, ""candidates"": [{""user_id"": ""1afe4ec9-c891-53f2-42cf-ac622c2bfd7f"", ""score"": 0.4837, ""user"": {""state"": ""Los Angeles"", ""price"": 3000, ""bedrooms"": 1, ""available_from"": ""February"", ""soft_attributes"": ""near public transportation, ideal for commuting, convenient location""}, ""user_fairness"": {""application_date"": ""2025-07-06"", ""number_of_shows"": 0, ""days_since_application"": 44}}, {""user_id"": ""b5ae490e-2d35-1961-a345-60bc65fbf6b4"", ""score"": 0.3631, ""user"": {""state"": ""Los Angeles"", ""price"": 3000, ""bedrooms"": 1, ""available_from"": ""February"", ""soft_attributes"": ""bright, cozy atmosphere""}, ""user_fairness"": {""application_date"": ""2025-08-04"", ""number_of_shows"": 0, ""days_since_application"": 15}}], ""today_iso"": ""2025-08-19"", ""stats"": {""candidate_count"": 2, ""mean_top5"": 0.4234, ""starvation_override"": true}}"
2025-08-19T19:31:31.027453,1694,10,1704,"{""owner"": {""owner_id"": ""56bd9df4-62ed-70df-e697-6abbd1bdafcc"", ""owner"": {""state"": ""New York"", ""price"": 800, ""bedrooms"": 4, ""available_from"": ""December"", ""soft_attributes"": ""cozy, near Rockaway Ave C train, shared bathroom with two others, shared kitchen, pets allowed on case-by-case basis""}, ""owner_fairness"": {""application_date"": ""2025-07-19"", ""number_of_shows"": 0, ""days_since_application"": 31}}, ""candidates"": [{""user_id"": ""3ec40b2e-cc68-7038-ac96-fd046d5538f7"", ""score"": 0.5562, ""user"": {""state"": ""New York"", ""price"": 2000, ""bedrooms"": 1, ""available_from"": ""December"", ""soft_attributes"": ""near the metro, easy access to Manhattan, pet-friendly""}, ""user_fairness"": {""application_date"": ""2025-07-16"", ""number_of_shows"": 2, ""days_since_application"": 34}}, {""user_id"": ""7702862d-70cc-9133-6d15-7488df3f5000"", ""score"": 0.4917, ""user"": {""state"": [""New York""], ""price"": 2500, ""bedrooms"": null, ""available_from"": ""September"", ""soft_attributes"": ""quick access to subway, quiet building""}, ""user_fairness"": {""application_date"": ""2025-07-16"", ""number_of_shows"": 6, ""days_since_application"": 34}}, {""user_id"": ""5a7c73cf-4102-6d41-393e-d8500f89ecfd"", ""score"": 0.4731, ""user"": {""state"": [""New York""], ""price"": 2300, ""bedrooms"": 3, ""available_from"": ""June"", ""soft_attributes"": ""quiet, near the bus station, fully equipped kitchen, gym in the building""}, ""user_fairness"": {""application_date"": ""2025-08-04"", ""number_of_shows"": ""0"", ""days_since_application"": 15}}, {""user_id"": ""e274cc57-dd2d-f41c-52b6-6b5c664c2ff2"", ""score"": 0.4661, ""user"": {""state"": ""New York"", ""price"": 800, ""bedrooms"": 1, ""available_from"": ""December"", ""soft_attributes"": ""close to subway, vibrant neighborhood, plenty of dining options""}, ""user_fairness"": {""application_date"": ""2025-07-20"", ""number_of_shows"": 0, ""days_since_application"": 30}}, {""user_id"": ""3403e0d0-ff2d-f5c2-3ee2-cf5f99678258"", ""score"": 0.46, ""user"": {""state"": [""New York""], ""price"": 2300, ""bedrooms"": 3, ""available_from"": ""June"", ""soft_attributes"": ""quite near the bus station, fully equipped kitchen, gym in the building""}, ""user_fairness"": {""application_date"": ""2025-07-27"", ""number_of_shows"": ""0"", ""days_since_application"": 23}}, {""user_id"": ""da78b366-a9bc-9bf1-c048-8e384f1b305f"", ""score"": 0.4174, ""user"": {""state"": ""New York"", ""price"": 3000, ""bedrooms"": 1, ""available_from"": ""December"", ""soft_attributes"": ""lively neighborhood, convenient location""}, ""user_fairness"": {""application_date"": ""2025-07-22"", ""number_of_shows"": 2, ""days_since_application"": 28}}, {""user_id"": ""e412d587-627b-60b1-6c9c-37c8b04699a9"", ""score"": 0.3467, ""user"": {""state"": [""New York""], ""price"": 2000, ""bedrooms"": 2, ""available_from"": ""September"", ""soft_attributes"": ""new apartment, new building, great view""}, ""user_fairness"": {""application_date"": ""2025-07-17"", ""number_of_shows"": ""0"", ""days_since_application"": 33}}, {""user_id"": ""57a3a920-df77-e695-53ac-62bda3f82324"", ""score"": 0.2944, ""user"": {""state"": ""New York"", ""price"": 3000, ""bedrooms"": 1, ""available_from"": ""December"", ""soft_attributes"": ""trendy urban lifestyle, access to shopping and dining""}, ""user_fairness"": {""application_date"": ""2025-07-31"", ""number_of_shows"": 0, ""days_since_application"": 19}}, {""user_id"": ""c826cfb8-1f6d-cbf6-be5e-d290ad515b52"", ""score"": 0.2135, ""user"": {""state"": [""New York""], ""price"": 2000, ""bedrooms"": 3, ""available_from"": ""March"", ""soft_attributes"": ""near shopping centres""}, ""user_fairness"": {""application_date"": ""2025-08-10"", ""number_of_shows"": ""0"", ""days_since_application"": 9}}, {""user_id"": ""0df99efd-c17c-e4a7-8b8f-3bc9c53bc5b2"", ""score"": 0.0885, ""user"": {""state"": [""New York""], ""price"": 2000, ""bedrooms"": 2, ""available_from"": ""September"", ""soft_attributes"": ""give me chocolate""}, ""user_fairness"": {""application_date"": ""2025-07-27"", ""number_of_shows"": ""0"", ""days_since_application"": 23}}], ""today_iso"": ""2025-08-19"", ""stats"": {""candidate_count"": 10, ""mean_top5"": 0.4894, ""starvation_override"": true}}"
2025-08-19T19:31:34.536162,1627,10,1637,"{""owner"": {""owner_id"": ""87674b70-9655-fcc5-2293-639473886645"", ""owner"": {""state"": ""San Francisco"", ""price"": 800, ""bedrooms"": 1, ""available_from"": ""December"", ""soft_attributes"": ""seconds from the subway, abundant natural light, remodeled kitchen, coffee bar, designated work area with desk and printer, vibrant neighborhood, diverse dining options""}, ""owner_fairness"": {""application_date"": ""2025-07-26"", ""number_of_shows"": 0, ""days_since_application"": 24}}, ""candidates"": [{""user_id"": ""488f9ccf-0fb9-fafc-ba70-b812e5891018"", ""score"": 0.6392, ""user"": {""state"": ""San Francisco"", ""price"": 1200, ""bedrooms"": 1, ""available_from"": ""December"", ""soft_attributes"": ""vibrant neighborhood, easy access to public transportation, plenty of dining and cultural options""}, ""user_fairness"": {""application_date"": ""2025-07-22"", ""number_of_shows"": 0, ""days_since_application"": 28}}, {""user_id"": ""d4118dea-49f7-8b7b-0c0b-98e136cbc5c7"", ""score"": 0.4947, ""user"": {""state"": ""San Francisco"", ""price"": 800, ""bedrooms"": 1, ""available_from"": ""December"", ""soft_attributes"": ""classic brownstone, exposed brick walls, cleanliness, shared common spaces, long-term stay""}, ""user_fairness"": {""application_date"": ""2025-07-21"", ""number_of_shows"": 2, ""days_since_application"": 29}}, {""user_id"": ""50a3f33d-a514-0825-905b-2e5093ee47df"", ""score"": 0.4755, ""user"": {""state"": ""San Francisco"", ""price"": 1600, ""bedrooms"": 1, ""available_from"": ""December"", ""soft_attributes"": ""modern, central location, safe neighborhood, close to attractions""}, ""user_fairness"": {""application_date"": ""2025-07-10"", ""number_of_shows"": 0, ""days_since_application"": 40}}, {""user_id"": ""00235b8e-07f6-72f4-98d8-51a511449524"", ""score"": 0.4692, ""user"": {""state"": ""San Francisco"", ""price"": 2400, ""bedrooms"": 1, ""available_from"": ""December"", ""soft_attributes"": ""near downtown, near Union Square""}, ""user_fairness"": {""application_date"": ""2025-07-18"", ""number_of_shows"": 0, ""days_since_application"": 32}}, {""user_id"": ""e0a50286-9c91-5656-bcd0-21f1a6c83ff5"", ""score"": 0.4687, ""user"": {""state"": ""San Francisco"", ""price"": 3000, ""bedrooms"": 1, ""available_from"": ""December"", ""soft_attributes"": ""fully furnished, near Ferry Plaza Market, close to great restaurants, near farmers market for fresh groceries""}, ""user_fairness"": {""application_date"": ""2025-07-26"", ""number_of_shows"": 1, ""days_since_application"": 24}}, {""user_id"": ""f80c0344-b60c-0de4-95b1-fefe79f955f2"", ""score"": 0.4659, ""user"": {""state"": ""San Francisco"", ""price"": 1600, ""bedrooms"": 1, ""available_from"": ""December"", ""soft_attributes"": ""close to Lincoln Center and Central Park, access to gym, access to laundry facilities""}, ""user_fairness"": {""application_date"": ""2025-07-31"", ""number_of_shows"": 0, ""days_since_application"": 19}}, {""user_id"": ""efc8c829-a551-f29b-ef7e-50b419c47bd1"", ""score"": 0.4514, ""user"": {""state"": ""San Francisco"", ""price"": 1200, ""bedrooms"": 1, ""available_from"": ""December"", ""soft_attributes"": ""modern, centrally located""}, ""user_fairness"": {""application_date"": ""2025-07-02"", ""number_of_shows"": 0, ""days_since_application"": 48}}, {""user_id"": ""577b7786-9fd9-f9e0-e8cc-b57644d2da28"", ""score"": 0.4059, ""user"": {""state"": [""San Francisco""], ""price"": 2000, ""bedrooms"": 1, ""available_from"": ""September"", ""soft_attributes"": ""near schools, close to transportation, quiet area, close to gym, close to markets, close to parks, air conditioning, laundry machine""}, ""user_fairness"": {""application_date"": ""2025-07-26"", ""number_of_shows"": 2, ""days_since_application"": 24}}, {""user_id"": ""107858e1-d215-3c69-7881-6c32a67f0d61"", ""score"": 0.3495, ""user"": {""state"": ""San Francisco"", ""price"": 3000, ""bedrooms"": 1, ""available_from"": ""December"", ""soft_attributes"": ""tranquil environment, unique features, yard with chickens, honey bee hives""}, ""user_fairness"": {""application_date"": ""2025-08-06"", ""number_of_shows"": 0, ""days_since_application"": 13}}], ""today_iso"": ""2025-08-19"", ""stats"": {""candidate_count"": 9, ""mean_top5"": 0.5095, ""starvation_override"": true}}"
2025-08-19T19:31:36.767970,866,10,876,"{""owner"": {""owner_id"": ""365ad91f-c78a-ef9f-2dd6-918fad4f5349"", ""owner"": {""state"": ""Miami"", ""price"": 1200, ""bedrooms"": 1, ""available_from"": ""April"", ""soft_attributes"": ""near Columbia University, vibrant community of creatives, artists, and students, numerous restaurants, unique shops, nightlife options""}, ""owner_fairness"": {""application_date"": ""2025-08-05"", ""number_of_shows"": 0, ""days_since_application"": 14}}, ""candidates"": [{""user_id"": ""1c436962-8cf4-709f-b4cc-6975cabd07dd"", ""score"": 0.8163, ""user"": {""state"": ""Miami"", ""price"": 1200, ""bedrooms"": 1, ""available_from"": ""April"", ""soft_attributes"": ""vibrant community, access to restaurants and nightlife, near Columbia University""}, ""user_fairness"": {""application_date"": ""2025-07-02"", ""number_of_shows"": 0, ""days_since_application"": 48}}, {""user_id"": ""400f1308-7984-87da-56b2-6d7ad025ee1d"", ""score"": 0.3841, ""user"": {""state"": ""Miami"", ""price"": 1200, ""bedrooms"": 1, ""available_from"": ""April"", ""soft_attributes"": ""close to Astoria Park, near N and W train station, extra large space""}, ""user_fairness"": {""application_date"": ""2025-07-03"", ""number_of_shows"": 0, ""days_since_application"": 47}}, {""user_id"": ""6172bdcd-2cd2-3491-35ab-1c83c4ea9ce4"", ""score"": 0.1814, ""user"": {""state"": ""Miami"", ""price"": 2000, ""bedrooms"": 1, ""available_from"": ""April"", ""soft_attributes"": ""sunny bedroom, private bathroom""}, ""user_fairness"": {""application_date"": ""2025-07-26"", ""number_of_shows"": 0, ""days_since_application"": 24}}], ""today_iso"": ""2025-08-19"", ""stats"": {""candidate_count"": 3, ""mean_top5"": 0.4606, ""starvation_override"": false}}"
2025-08-19T19:31:41.397121,1696,10,1706,"{""owner"": {""owner_id"": ""d87bff96-ca8d-6cfc-367e-4062d0cc6343"", ""owner"": {""state"": ""Miami"", ""price"": 2500, ""bedrooms"": 1, ""available_from"": null, ""soft_attributes"": ""fully furnished, private entrance, high-speed WiFi, vibrant neighborhood, numerous dining options""}, ""owner_fairness"": {""application_date"": ""2025-07-26"", ""number_of_shows"": 1, ""days_since_application"": 24}}, ""candidates"": [{""user_id"": ""62112fd5-4a53-75b8-75fa-a07441707a7d"", ""score"": 0.5249, ""user"": {""state"": ""Miami"", ""price"": 3000, ""bedrooms"": 1, ""available_from"": ""September"", ""soft_attributes"": ""quiet neighborhood, pet-friendly, easy access to train stations and bus routes""}, ""user_fairness"": {""application_date"": ""2025-07-28"", ""number_of_shows"": 2, ""days_since_application"": 22}}, {""user_id"": ""79bd2b76-9a17-cbcd-5a98-f7d9ee76ffba"", ""score"": 0.5086, ""user"": {""state"": ""Miami"", ""price"": 2500, ""bedrooms"": 1, ""available_from"": null, ""soft_attributes"": ""safe, convenient neighborhood""}, ""user_fairness"": {""application_date"": ""2025-08-11"", ""number_of_shows"": 0, ""days_since_application"": 8}}, {""user_id"": ""8624bdae-f3cf-708d-c4d6-63046f41efa5"", ""score"": 0.5061, ""user"": {""state"": ""Miami"", ""price"": 2500, ""bedrooms"": 1, ""available_from"": null, ""soft_attributes"": ""gated community, natural light, convenience to public transport""}, ""user_fairness"": {""application_date"": ""2025-07-27"", ""number_of_shows"": 0, ""days_since_application"": 23}}, {""user_id"": ""8450108f-f687-0b2e-4595-bcec946c119f"", ""score"": 0.5031, ""user"": {""state"": ""Miami"", ""price"": 2500, ""bedrooms"": 1, ""available_from"": null, ""soft_attributes"": ""near vibrant restaurants and bars, easy access to SoHo and Chinatown""}, ""user_fairness"": {""application_date"": ""2025-07-29"", ""number_of_shows"": 2, ""days_since_application"": 21}}, {""user_id"": ""2ad4f38c-7b54-f6fd-94c8-8a6108c9361a"", ""score"": 0.4954, ""user"": {""state"": ""Miami"", ""price"": 2500, ""bedrooms"": 1, ""available_from"": null, ""soft_attributes"": ""modern, close to Central Park, step-free entrance, suitable for work and leisure""}, ""user_fairness"": {""application_date"": ""2025-08-07"", ""number_of_shows"": 0, ""days_since_application"": 12}}, {""user_id"": ""d94c43be-9aed-ff45-440a-cee116bf3110"", ""score"": 0.4878, ""user"": {""state"": ""Miami"", ""price"": 3000, ""bedrooms"": 1, ""available_from"": null, ""soft_attributes"": ""cozy, touch of history, close to Central Park, near cultural attractions""}, ""user_fairness"": {""application_date"": ""2025-07-11"", ""number_of_shows"": 4, ""days_since_application"": 39}}, {""user_id"": ""e4070f55-2f88-facc-64f9-0852e99e060f"", ""score"": 0.4746, ""user"": {""state"": ""Miami"", ""price"": 2500, ""bedrooms"": 1, ""available_from"": null, ""soft_attributes"": ""close to subway lines, near Central Park, pet-friendly, immediate move-in""}, ""user_fairness"": {""application_date"": ""2025-07-18"", ""number_of_shows"": 4, ""days_since_application"": 32}}, {""user_id"": ""e159a106-7c81-8e55-7125-4b48c4aba5d9"", ""score"": 0.4683, ""user"": {""state"": ""Miami"", ""price"": 3000, ""bedrooms"": 1, ""available_from"": ""June"", ""soft_attributes"": ""fully furnished, ideal for a couple""}, ""user_fairness"": {""application_date"": ""2025-07-02"", ""number_of_shows"": 5, ""days_since_application"": 48}}, {""user_id"": ""3870256d-3b13-2e6e-9aea-441ba77eb751"", ""score"": 0.4655, ""user"": {""state"": ""Miami"", ""price"": 3500, ""bedrooms"": 1, ""available_from"": ""September"", ""soft_attributes"": ""close to Central Park, near subway lines, good natural light, gym amenities""}, ""user_fairness"": {""application_date"": ""2025-07-26"", ""number_of_shows"": 3, ""days_since_application"": 24}}, {""user_id"": ""74cb0de9-10d8-5891-646e-69bf0a49f4bb"", ""score"": 0.4544, ""user"": {""state"": ""Miami"", ""price"": 3000, ""bedrooms"": 1, ""available_from"": ""March"", ""soft_attributes"": ""quiet, male roommates, private""}, ""user_fairness"": {""application_date"": ""2025-07-21"", ""number_of_shows"": 0, ""days_since_application"": 29}}], ""today_iso"": ""2025-08-19"", ""stats"": {""candidate_count"": 10, ""mean_top5"": 0.5076, ""starvation_override"": false}}"
2025-08-19T19:31:45.209013,1752,10,1762,"{""owner"": {""owner_id"": ""4d73959b-1743-d711-7e3b-918a60418470"", ""owner"": {""state"": ""New York"", ""price"": 2100, ""bedrooms"": 1, ""available_from"": null, ""soft_attributes"": ""penthouse, close to Kings Theatre and subway stations, private balcony, modern bathroom, Bluetooth speakers, access to gym and lounge, ideal for solo travelers, couples, or friends""}, ""owner_fairness"": {""application_date"": ""2025-07-13"", ""number_of_shows"": 1, ""days_since_application"": 37}}, ""candidates"": [{""user_id"": ""4cbbb51d-a7e7-bd64-5536-deb91e1d7c9a"", ""score"": 0.5753, ""user"": {""state"": ""New York"", ""price"": null, ""bedrooms"": 1, ""available_from"": null, ""soft_attributes"": ""modern, close to subway, near restaurants and nightlife""}, ""user_fairness"": {""application_date"": ""2025-07-02"", ""number_of_shows"": 1, ""days_since_application"": 48}}, {""user_id"": ""a6686bba-0a81-78d9-3bed-53ae6e7b4ad1"", ""score"": 0.5747, ""user"": {""state"": ""New York"", ""price"": null, ""bedrooms"": 1, ""available_from"": null, ""soft_attributes"": ""luxury, modern amenities, fitness center, concierge service, convenient access to subway stations, close to attractions like The High Line""}, ""user_fairness"": {""application_date"": ""2025-07-24"", ""number_of_shows"": 3, ""days_since_application"": 26}}, {""user_id"": ""cae5bd29-e930-6d50-d35f-da1753f20e30"", ""score"": 0.5628, ""user"": {""state"": ""New York"", ""price"": null, ""bedrooms"": 1, ""available_from"": ""October"", ""soft_attributes"": ""close to subway, secure privacy, comfortable environment""}, ""user_fairness"": {""application_date"": ""2025-07-07"", ""number_of_shows"": 1, ""days_since_application"": 43}}, {""user_id"": ""f7c4fc78-01d7-adcb-cca4-2760d798c867"", ""score"": 0.556, ""user"": {""state"": ""New York"", ""price"": null, ""bedrooms"": 1, ""available_from"": null, ""soft_attributes"": ""furnished, shared living situation, short commute to Times Square, privacy""}, ""user_fairness"": {""application_date"": ""2025-08-07"", ""number_of_shows"": 2, ""days_since_application"": 12}}, {""user_id"": ""a53e49b9-eeff-a926-0a04-8ded30583e17"", ""score"": 0.5544, ""user"": {""state"": ""New York"", ""price"": 2500, ""bedrooms"": 1, ""available_from"": null, ""soft_attributes"": ""modern, peaceful yet central, near Queens Plaza, convenient, comfortable, access to gym and pool""}, ""user_fairness"": {""application_date"": ""2025-07-26"", ""number_of_shows"": 2, ""days_since_application"": 24}}, {""user_id"": ""34095128-d0f6-3bd7-9b37-830f9d654cf0"", ""score"": 0.5542, ""user"": {""state"": ""New York"", ""price"": null, ""bedrooms"": 1, ""available_from"": null, ""soft_attributes"": ""furnished, modern decor, cozy living space, close to city's attractions""}, ""user_fairness"": {""application_date"": ""2025-08-05"", ""number_of_shows"": 5, ""days_since_application"": 14}}, {""user_id"": ""d448701a-c4b6-6c74-ac36-4c18b16240ef"", ""score"": 0.5515, ""user"": {""state"": ""New York"", ""price"": 2500, ""bedrooms"": 1, ""available_from"": null, ""soft_attributes"": ""modern, quiet street, proximity to great restaurants and bars, minimum 30-night stay""}, ""user_fairness"": {""application_date"": ""2025-07-24"", ""number_of_shows"": 2, ""days_since_application"": 26}}, {""user_id"": ""9f4deebc-5ebb-8ed2-bfa9-4305baa4bfbd"", ""score"": 0.5466, ""user"": {""state"": ""New York"", ""price"": 2500, ""bedrooms"": 1, ""available_from"": null, ""soft_attributes"": ""modern, close to restaurants and bars, easy access to subway, good for trips to Manhattan""}, ""user_fairness"": {""application_date"": ""2025-07-17"", ""number_of_shows"": 3, ""days_since_application"": 33}}, {""user_id"": ""026b0e62-46cd-0bd9-00f1-9ecf400f1902"", ""score"": 0.5432, ""user"": {""state"": ""New York"", ""price"": null, ""bedrooms"": 1, ""available_from"": null, ""soft_attributes"": ""luxury, beautifully renovated interiors, access to outdoor spaces, high walk score, close to city's attractions""}, ""user_fairness"": {""application_date"": ""2025-07-06"", ""number_of_shows"": 2, ""days_since_application"": 44}}, {""user_id"": ""08aa3a72-4325-b3f0-2506-50e514345189"", ""score"": 0.5426, ""user"": {""state"": ""New York"", ""price"": null, ""bedrooms"": 1, ""available_from"": null, ""soft_attributes"": ""luxurious, great views, close to Central Park, access to gym and concierge""}, ""user_fairness"": {""application_date"": ""2025-07-08"", ""number_of_shows"": 2, ""days_since_application"": 42}}], ""today_iso"": ""2025-08-19"", ""stats"": {""candidate_count"": 10, ""mean_top5"": 0.5646, ""starvation_override"": false}}"
2025-08-19T19:35:36.957958,1734,10,1744,"{""owner"": {""owner_id"": ""4514a743-f4ee-1f8e-5fe9-722eacaff71f"", ""owner"": {""state"": ""Los Angeles"", ""price"": 1500, ""bedrooms"": 1, ""available_from"": null, ""soft_attributes"": ""modern and cozy space, private bathroom, ideal for friends or families, convenient location near subway, easy access to Times Square in 30 minutes""}, ""owner_fairness"": {""application_date"": ""2025-08-09"", ""number_of_shows"": 0, ""days_since_application"": 10}}, ""candidates"": [{""user_id"": ""ddf02864-fca8-9abc-f370-25534f6d7ecf"", ""score"": 0.6753, ""user"": {""state"": ""Los Angeles"", ""price"": null, ""bedrooms"": 1, ""available_from"": null, ""soft_attributes"": ""historic building, near Times Square, comfortable living space, private entrance""}, ""user_fairness"": {""application_date"": ""2025-07-19"", ""number_of_shows"": 6, ""days_since_application"": 31}}, {""user_id"": ""87b93db7-0ce5-ee84-9fd0-aabf06e827f9"", ""score"": 0.6657, ""user"": {""state"": ""Los Angeles"", ""price"": 1000, ""bedrooms"": 1, ""available_from"": null, ""soft_attributes"": ""cozy, near subway, convenient access to Manhattan""}, ""user_fairness"": {""application_date"": ""2025-08-11"", ""number_of_shows"": 2, ""days_since_application"": 8}}, {""user_id"": ""429564ff-32a0-3608-b48d-49cb3b9f5c15"", ""score"": 0.6531, ""user"": {""state"": ""Los Angeles"", ""price"": 1200, ""bedrooms"": 1, ""available_from"": ""May"", ""soft_attributes"": ""private, close to Times Square, long-term stay""}, ""user_fairness"": {""application_date"": ""2025-07-18"", ""number_of_shows"": 3, ""days_since_application"": 32}}, {""user_id"": ""20e46ffb-9c12-d899-e6ba-6e30234e802b"", ""score"": 0.6432, ""user"": {""state"": ""Los Angeles"", ""price"": null, ""bedrooms"": 1, ""available_from"": null, ""soft_attributes"": ""charming, vintage and modern furnishings, private entrance, quick commute to downtown Manhattan""}, ""user_fairness"": {""application_date"": ""2025-07-17"", ""number_of_shows"": 4, ""days_since_application"": 33}}, {""user_id"": ""de441b75-fec0-10a1-0039-b6a911743977"", ""score"": 0.6016, ""user"": {""state"": ""Los Angeles"", ""price"": null, ""bedrooms"": 1, ""available_from"": null, ""soft_attributes"": ""near Kings Theatre, close to subway lines, easy access to Manhattan, modern amenities, private balcony""}, ""user_fairness"": {""application_date"": ""2025-08-09"", ""number_of_shows"": 0, ""days_since_application"": 10}}, {""user_id"": ""061a4fdd-c287-ea50-282b-3fb79fbfd1f3"", ""score"": 0.5997, ""user"": {""state"": ""Los Angeles"", ""price"": 3000, ""bedrooms"": 1, ""available_from"": ""December"", ""soft_attributes"": ""easy access to public transportation, close to Central Park, near cultural attractions, suitable for female tenants""}, ""user_fairness"": {""application_date"": ""2025-07-17"", ""number_of_shows"": 2, ""days_since_application"": 33}}, {""user_id"": ""4a54afcb-277c-8d4a-6ce5-0d1eac7df323"", ""score"": 0.5945, ""user"": {""state"": ""Los Angeles"", ""price"": 2400, ""bedrooms"": 1, ""available_from"": ""January"", ""soft_attributes"": ""close to restaurants, near subway, easy access to Manhattan""}, ""user_fairness"": {""application_date"": ""2025-07-01"", ""number_of_shows"": 1, ""days_since_application"": 49}}, {""user_id"": ""36e6adce-202f-8de7-6ad0-24c5f7ee6794"", ""score"": 0.5919, ""user"": {""state"": ""Los Angeles"", ""price"": null, ""bedrooms"": 1, ""available_from"": null, ""soft_attributes"": ""private, near Union Square, near Powell Bart Station, easy access to public transportation, communal lounge space""}, ""user_fairness"": {""application_date"": ""2025-08-10"", ""number_of_shows"": 1, ""days_since_application"": 9}}, {""user_id"": ""3e0dd798-c605-c53f-1eb8-1286804142a1"", ""score"": 0.5888, ""user"": {""state"": ""Los Angeles"", ""price"": 2400, ""bedrooms"": 1, ""available_from"": ""December"", ""soft_attributes"": ""fully furnished, close to Central Park, near public transportation""}, ""user_fairness"": {""application_date"": ""2025-07-06"", ""number_of_shows"": 1, ""days_since_application"": 44}}, {""user_id"": ""a8e98345-6030-76f0-8ba3-dcfd04f9b973"", ""score"": 0.5829, ""user"": {""state"": ""Los Angeles"", ""price"": null, ""bedrooms"": 1, ""available_from"": null, ""soft_attributes"": ""pet-friendly, near subway, easy access to downtown, studio loft""}, ""user_fairness"": {""application_date"": ""2025-07-30"", ""number_of_shows"": 2, ""days_since_application"": 20}}], ""today_iso"": ""2025-08-19"", ""stats"": {""candidate_count"": 10, ""mean_top5"": 0.6478, ""starvation_override"": false}}"
2025-08-19T19:35:40.680428,1762,10,1772,"{""owner"": {""owner_id"": ""dfe8bc3b-ab28-9410-a04a-b71b5e48c2dc"", ""owner"": {""state"": ""Miami"", ""price"": 1500, ""bedrooms"": 3, ""available_from"": null, ""soft_attributes"": ""spectacular renovation of an 1850s home, spacious living area, beautiful outdoor space, close to Fort Greene Park, near excellent dining options and subway access, ideal for families or professionals, high-end living experience""}, ""owner_fairness"": {""application_date"": ""2025-08-08"", ""number_of_shows"": 0, ""days_since_application"": 11}}, ""candidates"": [{""user_id"": ""b3178e04-e28d-a05d-e3fc-ea8cf8b8818f"", ""score"": 0.6276, ""user"": {""state"": ""Miami"", ""price"": null, ""bedrooms"": 3, ""available_from"": null, ""soft_attributes"": ""spacious, close to subway, near Prospect Park, family-friendly""}, ""user_fairness"": {""application_date"": ""2025-07-25"", ""number_of_shows"": 1, ""days_since_application"": 25}}, {""user_id"": ""0eb6a0b4-fa48-4a5a-76e8-7e12bf2b88aa"", ""score"": 0.6256, ""user"": {""state"": ""Miami"", ""price"": null, ""bedrooms"": 2, ""available_from"": null, ""soft_attributes"": ""luxurious, near Central Park, doorman, ample closet space, family-friendly""}, ""user_fairness"": {""application_date"": ""2025-07-31"", ""number_of_shows"": 0, ""days_since_application"": 19}}, {""user_id"": ""fa387ae2-87d4-5988-a1fc-924dc3e591a4"", ""score"": 0.62, ""user"": {""state"": ""Miami"", ""price"": null, ""bedrooms"": 1, ""available_from"": null, ""soft_attributes"": ""charming, bright living spaces, original details, close to Central Park, near the Museum of Natural History""}, ""user_fairness"": {""application_date"": ""2025-07-07"", ""number_of_shows"": 3, ""days_since_application"": 43}}, {""user_id"": ""d4f83b87-6379-66f8-0414-555980d170e7"", ""score"": 0.6177, ""user"": {""state"": ""Miami"", ""price"": null, ""bedrooms"": 1, ""available_from"": null, ""soft_attributes"": ""bright and airy, modern amenities, cozy atmosphere, close to attractions like Brooklyn Museum and Prospect Park""}, ""user_fairness"": {""application_date"": ""2025-08-05"", ""number_of_shows"": 1, ""days_since_application"": 14}}, {""user_id"": ""4610e882-be07-6b7a-f543-be7dcb0afe00"", ""score"": 0.6144, ""user"": {""state"": ""Miami"", ""price"": null, ""bedrooms"": 1, ""available_from"": null, ""soft_attributes"": ""cozy, vibrant neighborhood, parks nearby, dining options, easy access to subway""}, ""user_fairness"": {""application_date"": ""2025-07-12"", ""number_of_shows"": 7, ""days_since_application"": 38}}, {""user_id"": ""35c1aed1-3b6e-0229-2ebb-3ca25ef0ad81"", ""score"": 0.5975, ""user"": {""state"": ""Miami"", ""price"": null, ""bedrooms"": 1, ""available_from"": null, ""soft_attributes"": ""cozy, fully furnished, modern amenities, near Central Park""}, ""user_fairness"": {""application_date"": ""2025-07-21"", ""number_of_shows"": 5, ""days_since_application"": 29}}, {""user_id"": ""9b7017ff-6d73-47a6-74ae-7b544a4ce06c"", ""score"": 0.5727, ""user"": {""state"": ""Miami"", ""price"": 2500, ""bedrooms"": 1, ""available_from"": ""October"", ""soft_attributes"": ""large balcony, close to outdoor activities, near Pelham Bay Park""}, ""user_fairness"": {""application_date"": ""2025-07-06"", ""number_of_shows"": 2, ""days_since_application"": 44}}, {""user_id"": ""e4070f55-2f88-facc-64f9-0852e99e060f"", ""score"": 0.5715, ""user"": {""state"": ""Miami"", ""price"": 2500, ""bedrooms"": 1, ""available_from"": null, ""soft_attributes"": ""close to subway lines, near Central Park, pet-friendly, immediate move-in""}, ""user_fairness"": {""application_date"": ""2025-07-18"", ""number_of_shows"": 4, ""days_since_application"": 32}}, {""user_id"": ""ec3d6a0f-4af0-0873-bc7b-4ea2ada133aa"", ""score"": 0.5681, ""user"": {""state"": ""Miami"", ""price"": null, ""bedrooms"": 2, ""available_from"": null, ""soft_attributes"": ""in-unit laundry, outdoor space, vibrant neighborhood, access to parks and restaurants, mid- to long-term stays""}, ""user_fairness"": {""application_date"": ""2025-07-07"", ""number_of_shows"": 0, ""days_since_application"": 43}}, {""user_id"": ""6e695996-fc4f-7f1c-1c29-3c60cdff3741"", ""score"": 0.5661, ""user"": {""state"": ""Miami"", ""price"": 2500, ""bedrooms"": 3, ""available_from"": null, ""soft_attributes"": ""stylish, stunning skyline views, family-friendly, close to attractions like the Brooklyn Bridge""}, ""user_fairness"": {""application_date"": ""2025-07-12"", ""number_of_shows"": 0, ""days_since_application"": 38}}], ""today_iso"": ""2025-08-19"", ""stats"": {""candidate_count"": 10, ""mean_top5"": 0.6211, ""starvation_override"": false}}"
2025-08-19T19:35:44.516269,1712,10,1722,"{""owner"": {""owner_id"": ""db662fe2-d0eb-3d83-a806-ca310c70502b"", ""owner"": {""state"": ""Chicago"", ""price"": 2000, ""bedrooms"": 1, ""available_from"": null, ""soft_attributes"": ""private bedroom, close to restaurants and bars, ideal for vacationers and business travelers, queen-sized bed, fully equipped kitchen, free Wi-Fi""}, ""owner_fairness"": {""application_date"": ""2025-07-11"", ""number_of_shows"": 1, ""days_since_application"": 39}}, ""candidates"": [{""user_id"": ""988a6799-68ef-0fac-3efd-93dcf18f054c"", ""score"": 0.4922, ""user"": {""state"": ""Chicago"", ""price"": 2000, ""bedrooms"": 1, ""available_from"": ""September"", ""soft_attributes"": ""close to subway access, near restaurants and shopping""}, ""user_fairness"": {""application_date"": ""2025-08-07"", ""number_of_shows"": 2, ""days_since_application"": 12}}, {""user_id"": ""619e9170-1bc9-cd3a-f5cf-03c18dbda8af"", ""score"": 0.4875, ""user"": {""state"": ""Chicago"", ""price"": 2000, ""bedrooms"": 1, ""available_from"": ""August"", ""soft_attributes"": ""close to parks, close to restaurants""}, ""user_fairness"": {""application_date"": ""2025-08-01"", ""number_of_shows"": 3, ""days_since_application"": 18}}, {""user_id"": ""ca401f51-0305-2615-bbaa-f2c61c5600db"", ""score"": 0.4874, ""user"": {""state"": ""Chicago"", ""price"": 2500, ""bedrooms"": 1, ""available_from"": null, ""soft_attributes"": ""vibrant nightlife, easy access to restaurants and bars""}, ""user_fairness"": {""application_date"": ""2025-07-01"", ""number_of_shows"": 1, ""days_since_application"": 49}}, {""user_id"": ""0bc37655-907f-3b2b-f546-3cfc8a6b7a8e"", ""score"": 0.4851, ""user"": {""state"": ""Chicago"", ""price"": 3000, ""bedrooms"": 1, ""available_from"": null, ""soft_attributes"": ""separate dining area, office space, private balcony""}, ""user_fairness"": {""application_date"": ""2025-08-11"", ""number_of_shows"": 1, ""days_since_application"": 8}}, {""user_id"": ""6c9f2d5a-9bca-87a3-63f6-7b3bda53fc4b"", ""score"": 0.4744, ""user"": {""state"": ""Chicago"", ""price"": 2500, ""bedrooms"": 1, ""available_from"": null, ""soft_attributes"": ""high ceilings, cozy atmosphere, close to bars and restaurants, easy access to Manhattan""}, ""user_fairness"": {""application_date"": ""2025-07-04"", ""number_of_shows"": 3, ""days_since_application"": 46}}, {""user_id"": ""95208094-0613-b31d-a15d-bd832185cabf"", ""score"": 0.4738, ""user"": {""state"": ""Chicago"", ""price"": 2000, ""bedrooms"": 1, ""available_from"": null, ""soft_attributes"": ""modern amenities, washer/dryer in unit, access to nearby restaurants, near the 1 train and B/C trains""}, ""user_fairness"": {""application_date"": ""2025-07-14"", ""number_of_shows"": 4, ""days_since_application"": 36}}, {""user_id"": ""81a6399e-ac29-0d56-06d3-fd9e39bc5942"", ""score"": 0.4738, ""user"": {""state"": ""Chicago"", ""price"": 2400, ""bedrooms"": 1, ""available_from"": ""July"", ""soft_attributes"": ""private outdoor space, close to public transport, vibrant amenities""}, ""user_fairness"": {""application_date"": ""2025-07-08"", ""number_of_shows"": 2, ""days_since_application"": 42}}, {""user_id"": ""ef7666e8-c670-0243-2c39-b0923c80e31d"", ""score"": 0.4671, ""user"": {""state"": ""Chicago"", ""price"": 2500, ""bedrooms"": 1, ""available_from"": null, ""soft_attributes"": ""modern amenities, close to N and W subway lines, private patio""}, ""user_fairness"": {""application_date"": ""2025-07-21"", ""number_of_shows"": 2, ""days_since_application"": 29}}, {""user_id"": ""f7933992-b37f-89a4-3cd4-ddc14c49df19"", ""score"": 0.4584, ""user"": {""state"": ""Chicago"", ""price"": 2000, ""bedrooms"": 1, ""available_from"": ""October"", ""soft_attributes"": ""cozy, suitable for two guests, serene garden""}, ""user_fairness"": {""application_date"": ""2025-07-19"", ""number_of_shows"": 1, ""days_since_application"": 31}}, {""user_id"": ""a4c30bcc-e5a8-c322-8548-35e1aa750381"", ""score"": 0.4567, ""user"": {""state"": ""Chicago"", ""price"": 2000, ""bedrooms"": 1, ""available_from"": ""January"", ""soft_attributes"": ""cozy, peaceful neighborhood, close to JFK Airport, nearby shops and restaurants""}, ""user_fairness"": {""application_date"": ""2025-07-17"", ""number_of_shows"": 0, ""days_since_application"": 33}}], ""today_iso"": ""2025-08-19"", ""stats"": {""candidate_count"": 10, ""mean_top5"": 0.4853, ""starvation_override"": false}}"
2025-08-19T19:35:48.360130,1716,10,1726,"{""owner"": {""owner_id"": ""30e03326-09c1-09e9-8433-95263f9d7ccb"", ""owner"": {""state"": ""San Francisco"", ""price"": 1800, ""bedrooms"": 3, ""available_from"": null, ""soft_attributes"": ""family-friendly, bespoke architectural elements, eco-friendly functionality, chef's kitchen, private garden, modern amenities, legal Airbnb""}, ""owner_fairness"": {""application_date"": ""2025-07-13"", ""number_of_shows"": 0, ""days_since_application"": 37}}, ""candidates"": [{""user_id"": ""145127b7-e0f1-534f-85ae-cb4f1dd260c8"", ""score"": 0.6404, ""user"": {""state"": ""San Francisco"", ""price"": 2500, ""bedrooms"": 1, ""available_from"": null, ""soft_attributes"": ""stylish, comfortable living space, modern amenities""}, ""user_fairness"": {""application_date"": ""2025-07-16"", ""number_of_shows"": 1, ""days_since_application"": 34}}, {""user_id"": ""9094cc3c-7bc0-a2b6-033e-d22715ae08d3"", ""score"": 0.5996, ""user"": {""state"": ""San Francisco"", ""price"": null, ""bedrooms"": 1, ""available_from"": null, ""soft_attributes"": ""modern, stylish living spaces, premium amenities, comfortable""}, ""user_fairness"": {""application_date"": ""2025-07-03"", ""number_of_shows"": 0, ""days_since_application"": 47}}, {""user_id"": ""a2081bc4-203d-5aa1-8f36-6410d72899ef"", ""score"": 0.5914, ""user"": {""state"": ""San Francisco"", ""price"": null, ""bedrooms"": 1, ""available_from"": null, ""soft_attributes"": ""modern, private bathroom, shared kitchen, shared living room, sunny spaces, a view, relaxing, good for exploring the city""}, ""user_fairness"": {""application_date"": ""2025-07-19"", ""number_of_shows"": 3, ""days_since_application"": 31}}, {""user_id"": ""2d6d6693-e412-b996-598a-f1f17f180213"", ""score"": 0.5835, ""user"": {""state"": ""San Francisco"", ""price"": null, ""bedrooms"": 1, ""available_from"": null, ""soft_attributes"": ""family-friendly, good for hosting friends, concierge services appreciated""}, ""user_fairness"": {""application_date"": ""2025-07-31"", ""number_of_shows"": 0, ""days_since_application"": 19}}, {""user_id"": ""97394cfa-82b1-4293-a0bd-1ec9891ae214"", ""score"": 0.5791, ""user"": {""state"": ""San Francisco"", ""price"": 2500, ""bedrooms"": 1, ""available_from"": null, ""soft_attributes"": ""good natural light, access to outdoor space, suitable for summer barbecues, friendly household, open to short stays""}, ""user_fairness"": {""application_date"": ""2025-07-04"", ""number_of_shows"": 0, ""days_since_application"": 46}}, {""user_id"": ""a3adf588-eb9f-7cbd-abc5-1c0cfe2cfff6"", ""score"": 0.576, ""user"": {""state"": ""San Francisco"", ""price"": null, ""bedrooms"": 1, ""available_from"": null, ""soft_attributes"": ""cozy, access to a kitchen, outdoor area, comfortable living space""}, ""user_fairness"": {""application_date"": ""2025-07-05"", ""number_of_shows"": 0, ""days_since_application"": 45}}, {""user_id"": ""3dd2baaf-c24a-d410-70b6-9fc024cfcce8"", ""score"": 0.5677, ""user"": {""state"": ""San Francisco"", ""price"": null, ""bedrooms"": 1, ""available_from"": null, ""soft_attributes"": ""private entrance, outdoor space, unique and artistic environment""}, ""user_fairness"": {""application_date"": ""2025-07-10"", ""number_of_shows"": 0, ""days_since_application"": 40}}, {""user_id"": ""ad36bcce-b83d-4d42-9358-687e26f19b35"", ""score"": 0.5552, ""user"": {""state"": ""San Francisco"", ""price"": 1200, ""bedrooms"": 1, ""available_from"": ""January"", ""soft_attributes"": ""stunning views, modern interiors""}, ""user_fairness"": {""application_date"": ""2025-07-22"", ""number_of_shows"": 1, ""days_since_application"": 28}}, {""user_id"": ""853f528f-5b3b-bfc8-919f-add3fb89f5c0"", ""score"": 0.5487, ""user"": {""state"": ""San Francisco"", ""price"": null, ""bedrooms"": 2, ""available_from"": null, ""soft_attributes"": ""stainless steel appliances, hardwood floors, access to private rooftop, good for relaxation""}, ""user_fairness"": {""application_date"": ""2025-07-22"", ""number_of_shows"": 0, ""days_since_application"": 28}}, {""user_id"": ""42ab43db-8f01-408e-74db-ac66313a1d45"", ""score"": 0.5467, ""user"": {""state"": ""San Francisco"", ""price"": 2500, ""bedrooms"": 2, ""available_from"": null, ""soft_attributes"": ""spacious, family-friendly, access to outdoor amenities, deck, hot tub""}, ""user_fairness"": {""application_date"": ""2025-07-23"", ""number_of_shows"": 0, ""days_since_application"": 27}}], ""today_iso"": ""2025-08-19"", ""stats"": {""candidate_count"": 10, ""mean_top5"": 0.5988, ""starvation_override"": true}}"
2025-08-19T19:35:52.229346,1746,10,1756,"{""owner"": {""owner_id"": ""8eb3e8a2-209b-9f01-34c5-d31c61beec81"", ""owner"": {""state"": ""San Francisco"", ""price"": 2100, ""bedrooms"": 2, ""available_from"": null, ""soft_attributes"": ""bright apartment, top-floor unit, ample natural light, close to shops, dining options, and public transport, spacious kitchen and dining area""}, ""owner_fairness"": {""application_date"": ""2025-07-04"", ""number_of_shows"": 0, ""days_since_application"": 46}}, ""candidates"": [{""user_id"": ""06fc5431-db63-d695-2c2a-53f4c7edf5c4"", ""score"": 0.7171, ""user"": {""state"": ""San Francisco"", ""price"": 2000, ""bedrooms"": 1, ""available_from"": ""June"", ""soft_attributes"": ""appreciates natural lighting, close to cafes and restaurants, easy access to public transportation""}, ""user_fairness"": {""application_date"": ""2025-07-19"", ""number_of_shows"": 2, ""days_since_application"": 31}}, {""user_id"": ""43fb0bf9-5015-f1f3-1ed2-69020bc15a2e"", ""score"": 0.689, ""user"": {""state"": ""San Francisco"", ""price"": 2500, ""bedrooms"": 1, ""available_from"": null, ""soft_attributes"": ""bright, spacious, close to public transportation""}, ""user_fairness"": {""application_date"": ""2025-07-19"", ""number_of_shows"": 0, ""days_since_application"": 31}}, {""user_id"": ""087665f0-83a0-e6f6-c025-92c7d954f722"", ""score"": 0.6723, ""user"": {""state"": ""San Francisco"", ""price"": 2500, ""bedrooms"": 1, ""available_from"": null, ""soft_attributes"": ""plenty of natural light, cozy atmosphere, close to subway lines, vibrant neighborhoods""}, ""user_fairness"": {""application_date"": ""2025-08-04"", ""number_of_shows"": 2, ""days_since_application"": 15}}, {""user_id"": ""c129ef5c-c333-0ec4-9a89-3cecf30e30d6"", ""score"": 0.6628, ""user"": {""state"": ""San Francisco"", ""price"": null, ""bedrooms"": 2, ""available_from"": null, ""soft_attributes"": ""near waterfront, close to ferry stop, good natural light, spacious living area""}, ""user_fairness"": {""application_date"": ""2025-08-06"", ""number_of_shows"": 0, ""days_since_application"": 13}}, {""user_id"": ""e2f465ad-68a4-e3eb-8acd-16cc70d06dd0"", ""score"": 0.6626, ""user"": {""state"": ""San Francisco"", ""price"": null, ""bedrooms"": 2, ""available_from"": null, ""soft_attributes"": ""comfortable living space, hardwood floors, full kitchen, close to cafes and parks""}, ""user_fairness"": {""application_date"": ""2025-07-24"", ""number_of_shows"": 2, ""days_since_application"": 26}}, {""user_id"": ""f271dd3f-d95b-dc62-1bb3-743465ac2c1c"", ""score"": 0.6257, ""user"": {""state"": ""San Francisco"", ""price"": 1600, ""bedrooms"": 1, ""available_from"": ""January"", ""soft_attributes"": ""vibrant neighborhoods, easy access to restaurants and nightlife, top floor of a classic building""}, ""user_fairness"": {""application_date"": ""2025-07-21"", ""number_of_shows"": 0, ""days_since_application"": 29}}, {""user_id"": ""b0f0882b-b183-3c13-af82-182bf9d41183"", ""score"": 0.6239, ""user"": {""state"": ""San Francisco"", ""price"": 1200, ""bedrooms"": 1, ""available_from"": null, ""soft_attributes"": ""close to subway, shared living space, good public transportation access, comfortable""}, ""user_fairness"": {""application_date"": ""2025-07-25"", ""number_of_shows"": 2, ""days_since_application"": 25}}, {""user_id"": ""488f9ccf-0fb9-fafc-ba70-b812e5891018"", ""score"": 0.6239, ""user"": {""state"": ""San Francisco"", ""price"": 1200, ""bedrooms"": 1, ""available_from"": ""December"", ""soft_attributes"": ""vibrant neighborhood, easy access to public transportation, plenty of dining and cultural options""}, ""user_fairness"": {""application_date"": ""2025-07-22"", ""number_of_shows"": 1, ""days_since_application"": 28}}, {""user_id"": ""f80951b9-9db4-9ce9-4e57-fc203e116e76"", ""score"": 0.6224, ""user"": {""state"": ""San Francisco"", ""price"": 2500, ""bedrooms"": 1, ""available_from"": null, ""soft_attributes"": ""stylish, unique living space, plenty of natural light, near Myrtle Ave station""}, ""user_fairness"": {""application_date"": ""2025-07-04"", ""number_of_shows"": 1, ""days_since_application"": 46}}, {""user_id"": ""b2be4a3a-c989-9143-39d1-b1827c3aa36b"", ""score"": 0.6187, ""user"": {""state"": ""San Francisco"", ""price"": null, ""bedrooms"": 1, ""available_from"": null, ""soft_attributes"": ""private bedroom, shared living space, close to shops, restaurants, parks""}, ""user_fairness"": {""application_date"": ""2025-07-03"", ""number_of_shows"": 1, ""days_since_application"": 47}}], ""today_iso"": ""2025-08-19"", ""stats"": {""candidate_count"": 10, ""mean_top5"": 0.6808, ""starvation_override"": true}}"
2025-08-19T19:50:52.810073,1758,10,1768,"{""owner"": {""owner_id"": ""79e7b7b8-3a06-9669-33b7-bf5477ffdf40"", ""owner"": {""state"": ""Miami"", ""price"": 1500, ""bedrooms"": 1, ""available_from"": null, ""soft_attributes"": ""eco-friendly home, 10-minute walk to Coney Island, access to sandy beaches and attractions, ideal for romantic getaways and family vacations, no smoking""}, ""owner_fairness"": {""application_date"": ""2025-07-15"", ""number_of_shows"": 0, ""days_since_application"": 35}}, ""candidates"": [{""user_id"": ""d4f83b87-6379-66f8-0414-555980d170e7"", ""score"": 0.5639, ""user"": {""state"": ""Miami"", ""price"": null, ""bedrooms"": 1, ""available_from"": null, ""soft_attributes"": ""bright and airy, modern amenities, cozy atmosphere, close to attractions like Brooklyn Museum and Prospect Park""}, ""user_fairness"": {""application_date"": ""2025-08-05"", ""number_of_shows"": 2, ""days_since_application"": 14}}, {""user_id"": ""4610e882-be07-6b7a-f543-be7dcb0afe00"", ""score"": 0.5342, ""user"": {""state"": ""Miami"", ""price"": null, ""bedrooms"": 1, ""available_from"": null, ""soft_attributes"": ""cozy, vibrant neighborhood, parks nearby, dining options, easy access to subway""}, ""user_fairness"": {""application_date"": ""2025-07-12"", ""number_of_shows"": 8, ""days_since_application"": 38}}, {""user_id"": ""78f584d4-ff3e-4e4a-8d7b-03f98c5b89fe"", ""score"": 0.5316, ""user"": {""state"": ""Miami"", ""price"": 2000, ""bedrooms"": 1, ""available_from"": ""January"", ""soft_attributes"": ""vibrant neighborhood, great for walking and cycling, close to cafes, near Prospect Park""}, ""user_fairness"": {""application_date"": ""2025-08-03"", ""number_of_shows"": 1, ""days_since_application"": 16}}, {""user_id"": ""c7d79784-adba-90ac-1386-10466cea2055"", ""score"": 0.5309, ""user"": {""state"": ""Miami"", ""price"": null, ""bedrooms"": 1, ""available_from"": null, ""soft_attributes"": ""close to train lines, within 30 minutes of Manhattan, pet-friendly, good for enjoying bars and restaurants, near Prospect Park""}, ""user_fairness"": {""application_date"": ""2025-07-27"", ""number_of_shows"": 1, ""days_since_application"": 23}}, {""user_id"": ""00c74781-0965-898f-4d9b-81d17f64ee9e"", ""score"": 0.5297, ""user"": {""state"": ""Miami"", ""price"": null, ""bedrooms"": 1, ""available_from"": null, ""soft_attributes"": ""peaceful residential area, easy access to public transportation, nearby attractions like Bronx Zoo and Yankee Stadium""}, ""user_fairness"": {""application_date"": ""2025-07-11"", ""number_of_shows"": 0, ""days_since_application"": 39}}, {""user_id"": ""41df110a-5f77-4760-9e5d-a97451e5e79d"", ""score"": 0.5241, ""user"": {""state"": ""Miami"", ""price"": null, ""bedrooms"": 1, ""available_from"": null, ""soft_attributes"": ""close to the Atlantic Ocean, pet-friendly, outdoor amenities""}, ""user_fairness"": {""application_date"": ""2025-07-09"", ""number_of_shows"": 0, ""days_since_application"": 41}}, {""user_id"": ""d7af99b5-2ba8-2051-139a-d6802ea1e405"", ""score"": 0.5211, ""user"": {""state"": ""Miami"", ""price"": null, ""bedrooms"": 1, ""available_from"": null, ""soft_attributes"": ""pet-friendly, near Yankee Stadium, close to local eateries, secure, quiet environment""}, ""user_fairness"": {""application_date"": ""2025-08-09"", ""number_of_shows"": 0, ""days_since_application"": 10}}, {""user_id"": ""9b7017ff-6d73-47a6-74ae-7b544a4ce06c"", ""score"": 0.5151, ""user"": {""state"": ""Miami"", ""price"": 2500, ""bedrooms"": 1, ""available_from"": ""October"", ""soft_attributes"": ""large balcony, close to outdoor activities, near Pelham Bay Park""}, ""user_fairness"": {""application_date"": ""2025-07-06"", ""number_of_shows"": 2, ""days_since_application"": 44}}, {""user_id"": ""0b383bc5-db90-55ae-721f-92b3e2f6ab7b"", ""score"": 0.5104, ""user"": {""state"": ""Miami"", ""price"": null, ""bedrooms"": 1, ""available_from"": null, ""soft_attributes"": ""cozy, pet-friendly, quiet neighborhood, close to train station, easy commute to Manhattan""}, ""user_fairness"": {""application_date"": ""2025-07-22"", ""number_of_shows"": 1, ""days_since_application"": 28}}, {""user_id"": ""766c9df3-1a46-1a8f-feb0-6a2935a1754e"", ""score"": 0.5096, ""user"": {""state"": ""Miami"", ""price"": 2400, ""bedrooms"": 1, ""available_from"": ""July"", ""soft_attributes"": ""vibrant area, easy access to Manhattan, gym, rooftop deck""}, ""user_fairness"": {""application_date"": ""2025-07-25"", ""number_of_shows"": 4, ""days_since_application"": 25}}], ""today_iso"": ""2025-08-19"", ""stats"": {""candidate_count"": 10, ""mean_top5"": 0.538, ""starvation_override"": true}}"
2025-08-19T19:50:56.665772,1748,10,1758,"{""owner"": {""owner_id"": ""ac0f95f5-b4b9-8181-6e65-66dba73bf764"", ""owner"": {""state"": ""New York"", ""price"": 1800, ""bedrooms"": 1, ""available_from"": null, ""soft_attributes"": ""conveniently located near the subway, modern and contemporary, fully equipped kitchen, two TVs with Apple TV and Fire Stick, shoes not permitted on the carpet""}, ""owner_fairness"": {""application_date"": ""2025-07-09"", ""number_of_shows"": 0, ""days_since_application"": 41}}, ""candidates"": [{""user_id"": ""3b11f2f0-f900-f1c7-6ec1-20a3aaf7f146"", ""score"": 0.6801, ""user"": {""state"": ""New York"", ""price"": 800, ""bedrooms"": 1, ""available_from"": ""November"", ""soft_attributes"": ""spacious, modern, furnished, well-equipped kitchen, access to living room, close to subway, easy commuting""}, ""user_fairness"": {""application_date"": ""2025-08-01"", ""number_of_shows"": 6, ""days_since_application"": 18}}, {""user_id"": ""4cbbb51d-a7e7-bd64-5536-deb91e1d7c9a"", ""score"": 0.5977, ""user"": {""state"": ""New York"", ""price"": null, ""bedrooms"": 1, ""available_from"": null, ""soft_attributes"": ""modern, close to subway, near restaurants and nightlife""}, ""user_fairness"": {""application_date"": ""2025-07-02"", ""number_of_shows"": 2, ""days_since_application"": 48}}, {""user_id"": ""f2fc6f4c-f54f-3c82-82bc-d0dd22ea69e6"", ""score"": 0.5904, ""user"": {""state"": ""New York"", ""price"": null, ""bedrooms"": 1, ""available_from"": null, ""soft_attributes"": ""modern, hardwood floors, plenty of natural light, access to subway lines, close to local amenities""}, ""user_fairness"": {""application_date"": ""2025-07-12"", ""number_of_shows"": 1, ""days_since_application"": 38}}, {""user_id"": ""34095128-d0f6-3bd7-9b37-830f9d654cf0"", ""score"": 0.5652, ""user"": {""state"": ""New York"", ""price"": null, ""bedrooms"": 1, ""available_from"": null, ""soft_attributes"": ""furnished, modern decor, cozy living space, close to city's attractions""}, ""user_fairness"": {""application_date"": ""2025-08-05"", ""number_of_shows"": 5, ""days_since_application"": 14}}, {""user_id"": ""865b31fb-6491-983c-d505-8ff38a38bdc6"", ""score"": 0.5601, ""user"": {""state"": ""New York"", ""price"": null, ""bedrooms"": 1, ""available_from"": null, ""soft_attributes"": ""modern, close to subway, easy access to Times Square""}, ""user_fairness"": {""application_date"": ""2025-08-11"", ""number_of_shows"": 0, ""days_since_application"": 8}}, {""user_id"": ""ca894f31-a47a-1f3e-85ba-2cd3d9d19b45"", ""score"": 0.5586, ""user"": {""state"": ""New York"", ""price"": null, ""bedrooms"": 1, ""available_from"": null, ""soft_attributes"": ""quiet environment, access to a kitchen with modern appliances, cozy""}, ""user_fairness"": {""application_date"": ""2025-07-04"", ""number_of_shows"": 0, ""days_since_application"": 46}}, {""user_id"": ""735938c2-26ac-ebaf-396b-d7ff8dbc028f"", ""score"": 0.5582, ""user"": {""state"": ""New York"", ""price"": 1200, ""bedrooms"": 1, ""available_from"": ""October"", ""soft_attributes"": ""near subway, suitable for immediate move-in, convenient location""}, ""user_fairness"": {""application_date"": ""2025-07-30"", ""number_of_shows"": 0, ""days_since_application"": 20}}, {""user_id"": ""fb57dfa1-a8be-59da-3b05-73b4b58760a4"", ""score"": 0.5538, ""user"": {""state"": ""New York"", ""price"": null, ""bedrooms"": 1, ""available_from"": null, ""soft_attributes"": ""plenty of natural light, tranquil living space, high-speed Wi-Fi, easy access to the subway""}, ""user_fairness"": {""application_date"": ""2025-08-03"", ""number_of_shows"": 2, ""days_since_application"": 16}}, {""user_id"": ""9f4deebc-5ebb-8ed2-bfa9-4305baa4bfbd"", ""score"": 0.5521, ""user"": {""state"": ""New York"", ""price"": 2500, ""bedrooms"": 1, ""available_from"": null, ""soft_attributes"": ""modern, close to restaurants and bars, easy access to subway, good for trips to Manhattan""}, ""user_fairness"": {""application_date"": ""2025-07-17"", ""number_of_shows"": 3, ""days_since_application"": 33}}, {""user_id"": ""6c4cd5ab-1e2a-572e-5648-92914bf10c8c"", ""score"": 0.5483, ""user"": {""state"": ""New York"", ""price"": null, ""bedrooms"": 1, ""available_from"": null, ""soft_attributes"": ""modern amenities, close to subway, easy access to shopping and services""}, ""user_fairness"": {""application_date"": ""2025-07-02"", ""number_of_shows"": 2, ""days_since_application"": 48}}], ""today_iso"": ""2025-08-19"", ""stats"": {""candidate_count"": 10, ""mean_top5"": 0.5987, ""starvation_override"": true}}"
2025-08-19T19:51:00.832850,1704,10,1714,"{""owner"": {""owner_id"": ""ef6c7962-3913-eb64-df73-242071134d65"", ""owner"": {""state"": ""Chicago"", ""price"": 2500, ""bedrooms"": 1, ""available_from"": null, ""soft_attributes"": ""bright and sunny, near Columbia University, short walk to Central Park, recently renovated building, keyless entry, video intercom, shared bathroom, cozy community feel""}, ""owner_fairness"": {""application_date"": ""2025-07-28"", ""number_of_shows"": 1, ""days_since_application"": 22}}, ""candidates"": [{""user_id"": ""e423c4cc-3c05-ed2f-f439-2525dee744ed"", ""score"": 0.5387, ""user"": {""state"": ""Chicago"", ""price"": 2500, ""bedrooms"": 1, ""available_from"": null, ""soft_attributes"": ""vibrant neighborhood, immediate move-in""}, ""user_fairness"": {""application_date"": ""2025-07-18"", ""number_of_shows"": 1, ""days_since_application"": 32}}, {""user_id"": ""7964d13a-8dd8-baeb-24e6-7a106448714c"", ""score"": 0.5346, ""user"": {""state"": ""Chicago"", ""price"": 3000, ""bedrooms"": 1, ""available_from"": ""March"", ""soft_attributes"": ""quiet neighborhood, plenty of natural light""}, ""user_fairness"": {""application_date"": ""2025-07-13"", ""number_of_shows"": 0, ""days_since_application"": 37}}, {""user_id"": ""37113c46-3f74-25f2-9968-1e85b20ae49b"", ""score"": 0.5338, ""user"": {""state"": ""Chicago"", ""price"": 3000, ""bedrooms"": 1, ""available_from"": ""November"", ""soft_attributes"": ""near Pratt University, close to G Train, rooftop access, local amenities""}, ""user_fairness"": {""application_date"": ""2025-07-06"", ""number_of_shows"": 1, ""days_since_application"": 44}}, {""user_id"": ""46e6e1b9-ce7d-577e-68d6-14f8d17d90f5"", ""score"": 0.5207, ""user"": {""state"": ""Chicago"", ""price"": 2500, ""bedrooms"": 1, ""available_from"": null, ""soft_attributes"": ""artist loft, vibrant neighborhoods, near Morgan L train, plenty of restaurants and music venues""}, ""user_fairness"": {""application_date"": ""2025-07-06"", ""number_of_shows"": 0, ""days_since_application"": 44}}, {""user_id"": ""645c820f-40f9-a2df-051a-f7797395688e"", ""score"": 0.4817, ""user"": {""state"": ""Chicago"", ""price"": 3000, ""bedrooms"": 1, ""available_from"": ""May"", ""soft_attributes"": ""located in Richmond neighborhood, hardwood floors, good natural light""}, ""user_fairness"": {""application_date"": ""2025-08-09"", ""number_of_shows"": 1, ""days_since_application"": 10}}, {""user_id"": ""0025d524-935f-6e94-0e53-ee262d848ce6"", ""score"": 0.4723, ""user"": {""state"": ""Chicago"", ""price"": 3000, ""bedrooms"": 1, ""available_from"": ""October"", ""soft_attributes"": ""close to public transportation, near A train""}, ""user_fairness"": {""application_date"": ""2025-07-08"", ""number_of_shows"": 2, ""days_since_application"": 42}}, {""user_id"": ""bd0444f1-41df-c704-9a0b-2343afea8a07"", ""score"": 0.466, ""user"": {""state"": ""Chicago"", ""price"": 2500, ""bedrooms"": 1, ""available_from"": null, ""soft_attributes"": ""tree-lined street, close to public transportation, vibrant dining options""}, ""user_fairness"": {""application_date"": ""2025-07-27"", ""number_of_shows"": 1, ""days_since_application"": 23}}, {""user_id"": ""dc3b2c59-4f19-64e6-201f-b2063833a2be"", ""score"": 0.4532, ""user"": {""state"": ""Chicago"", ""price"": 2500, ""bedrooms"": 1, ""available_from"": null, ""soft_attributes"": ""close to the beach, near public transportation, modern amenities, comfortable living space""}, ""user_fairness"": {""application_date"": ""2025-08-07"", ""number_of_shows"": 2, ""days_since_application"": 12}}, {""user_id"": ""59ff318c-c243-147f-d453-d6d96cfbf38a"", ""score"": 0.4485, ""user"": {""state"": ""Chicago"", ""price"": 3000, ""bedrooms"": 1, ""available_from"": null, ""soft_attributes"": ""clean, comfortable, close to trendy boutiques and restaurants""}, ""user_fairness"": {""application_date"": ""2025-07-05"", ""number_of_shows"": 2, ""days_since_application"": 45}}, {""user_id"": ""529565c0-b58b-6bd4-5cf1-11f1da80db04"", ""score"": 0.4448, ""user"": {""state"": ""Chicago"", ""price"": 2500, ""bedrooms"": 1, ""available_from"": null, ""soft_attributes"": ""vibrant, up-and-coming neighborhood, quiet, no parties or large gatherings""}, ""user_fairness"": {""application_date"": ""2025-07-06"", ""number_of_shows"": 1, ""days_since_application"": 44}}], ""today_iso"": ""2025-08-19"", ""stats"": {""candidate_count"": 10, ""mean_top5"": 0.5219, ""starvation_override"": false}}"
2025-08-19T19:51:05.159363,1742,10,1752,"{""owner"": {""owner_id"": ""98dc948f-3d91-5862-07c9-ff46b73789ca"", ""owner"": {""state"": ""San Francisco"", ""price"": 1800, ""bedrooms"": 1, ""available_from"": null, ""soft_attributes"": ""charming, fully sanitized, full kitchen, cozy stay, 6th-floor walk-up, ideal for vacationers and business travelers""}, ""owner_fairness"": {""application_date"": ""2025-07-22"", ""number_of_shows"": 0, ""days_since_application"": 28}}, ""candidates"": [{""user_id"": ""a2655894-df46-5243-576b-6308622d7e55"", ""score"": 0.6694, ""user"": {""state"": ""San Francisco"", ""price"": 2500, ""bedrooms"": 1, ""available_from"": null, ""soft_attributes"": ""cozy, suitable for accommodating two guests, fully sanitized, okay with a walk-up""}, ""user_fairness"": {""application_date"": ""2025-07-14"", ""number_of_shows"": 1, ""days_since_application"": 36}}, {""user_id"": ""74ea8f71-fbc4-5f3c-73ad-6ab2e15b4f1e"", ""score"": 0.6162, ""user"": {""state"": ""San Francisco"", ""price"": 1500, ""bedrooms"": 1, ""available_from"": null, ""soft_attributes"": ""cozy, ideal for long-term stays, clean environment, easy access to public transportation""}, ""user_fairness"": {""application_date"": ""2025-07-11"", ""number_of_shows"": 0, ""days_since_application"": 39}}, {""user_id"": ""42eb67e0-ad8d-ad2b-7d1d-c542434caa66"", ""score"": 0.5771, ""user"": {""state"": ""San Francisco"", ""price"": null, ""bedrooms"": 1, ""available_from"": null, ""soft_attributes"": ""furnished, elevator building, convenient, hotel-standard cleaning""}, ""user_fairness"": {""application_date"": ""2025-07-18"", ""number_of_shows"": 0, ""days_since_application"": 32}}, {""user_id"": ""86d78b6d-84bc-429f-4318-59fc88808eb7"", ""score"": 0.5744, ""user"": {""state"": ""San Francisco"", ""price"": null, ""bedrooms"": 1, ""available_from"": null, ""soft_attributes"": ""luxurious, historic brownstone, close to cafes and dining options, enhanced cleaning measures""}, ""user_fairness"": {""application_date"": ""2025-07-02"", ""number_of_shows"": 0, ""days_since_application"": 48}}, {""user_id"": ""54661865-ca28-46bf-42ed-517dff02a03a"", ""score"": 0.5572, ""user"": {""state"": ""San Francisco"", ""price"": 2500, ""bedrooms"": 1, ""available_from"": null, ""soft_attributes"": ""cozy, private bathroom, garden view, long-term stay, easy access to public transportation""}, ""user_fairness"": {""application_date"": ""2025-07-08"", ""number_of_shows"": 0, ""days_since_application"": 42}}, {""user_id"": ""c6b8a2b9-c691-2780-8711-d14e3b80241a"", ""score"": 0.5509, ""user"": {""state"": ""San Francisco"", ""price"": 2000, ""bedrooms"": 1, ""available_from"": ""March"", ""soft_attributes"": ""furnished, modern amenities, easy access to public transportation""}, ""user_fairness"": {""application_date"": ""2025-07-31"", ""number_of_shows"": 4, ""days_since_application"": 19}}, {""user_id"": ""02188bbb-0d7e-cabc-f0b0-4d53667016e2"", ""score"": 0.5447, ""user"": {""state"": ""San Francisco"", ""price"": null, ""bedrooms"": 1, ""available_from"": null, ""soft_attributes"": ""serene environment, plenty of natural light, suitable for short-term stay""}, ""user_fairness"": {""application_date"": ""2025-08-08"", ""number_of_shows"": 0, ""days_since_application"": 11}}, {""user_id"": ""2d6d6693-e412-b996-598a-f1f17f180213"", ""score"": 0.5418, ""user"": {""state"": ""San Francisco"", ""price"": null, ""bedrooms"": 1, ""available_from"": null, ""soft_attributes"": ""family-friendly, good for hosting friends, concierge services appreciated""}, ""user_fairness"": {""application_date"": ""2025-07-31"", ""number_of_shows"": 1, ""days_since_application"": 19}}, {""user_id"": ""f271dd3f-d95b-dc62-1bb3-743465ac2c1c"", ""score"": 0.5391, ""user"": {""state"": ""San Francisco"", ""price"": 1600, ""bedrooms"": 1, ""available_from"": ""January"", ""soft_attributes"": ""vibrant neighborhoods, easy access to restaurants and nightlife, top floor of a classic building""}, ""user_fairness"": {""application_date"": ""2025-07-21"", ""number_of_shows"": 0, ""days_since_application"": 29}}, {""user_id"": ""a2081bc4-203d-5aa1-8f36-6410d72899ef"", ""score"": 0.5389, ""user"": {""state"": ""San Francisco"", ""price"": null, ""bedrooms"": 1, ""available_from"": null, ""soft_attributes"": ""modern, private bathroom, shared kitchen, shared living room, sunny spaces, a view, relaxing, good for exploring the city""}, ""user_fairness"": {""application_date"": ""2025-07-19"", ""number_of_shows"": 4, ""days_since_application"": 31}}], ""today_iso"": ""2025-08-19"", ""stats"": {""candidate_count"": 10, ""mean_top5"": 0.5989, ""starvation_override"": true}}"
2025-08-19T19:51:09.283463,1727,10,1737,"{""owner"": {""owner_id"": ""861d64ca-bd9c-15f5-fba4-c908bb969e76"", ""owner"": {""state"": ""Miami"", ""price"": 2100, ""bedrooms"": 1, ""available_from"": null, ""soft_attributes"": ""spacious, large south-facing windows, walk-in closet, quiet and safe neighborhood, close to LaGuardia Airport, short commute to Manhattan, easy self check-in available""}, ""owner_fairness"": {""application_date"": ""2025-07-19"", ""number_of_shows"": 0, ""days_since_application"": 31}}, ""candidates"": [{""user_id"": ""0b383bc5-db90-55ae-721f-92b3e2f6ab7b"", ""score"": 0.6178, ""user"": {""state"": ""Miami"", ""price"": null, ""bedrooms"": 1, ""available_from"": null, ""soft_attributes"": ""cozy, pet-friendly, quiet neighborhood, close to train station, easy commute to Manhattan""}, ""user_fairness"": {""application_date"": ""2025-07-22"", ""number_of_shows"": 1, ""days_since_application"": 28}}, {""user_id"": ""d7af99b5-2ba8-2051-139a-d6802ea1e405"", ""score"": 0.592, ""user"": {""state"": ""Miami"", ""price"": null, ""bedrooms"": 1, ""available_from"": null, ""soft_attributes"": ""pet-friendly, near Yankee Stadium, close to local eateries, secure, quiet environment""}, ""user_fairness"": {""application_date"": ""2025-08-09"", ""number_of_shows"": 0, ""days_since_application"": 10}}, {""user_id"": ""35c1aed1-3b6e-0229-2ebb-3ca25ef0ad81"", ""score"": 0.5893, ""user"": {""state"": ""Miami"", ""price"": null, ""bedrooms"": 1, ""available_from"": null, ""soft_attributes"": ""cozy, fully furnished, modern amenities, near Central Park""}, ""user_fairness"": {""application_date"": ""2025-07-21"", ""number_of_shows"": 5, ""days_since_application"": 29}}, {""user_id"": ""2d6326e5-7a55-560c-c5e6-d3b69507a06f"", ""score"": 0.5729, ""user"": {""state"": ""Miami"", ""price"": null, ""bedrooms"": 1, ""available_from"": null, ""soft_attributes"": ""townhouse setting, easy access to subway, free street parking""}, ""user_fairness"": {""application_date"": ""2025-07-11"", ""number_of_shows"": 0, ""days_since_application"": 39}}, {""user_id"": ""184601fe-7c3c-f82f-8a0d-aba9a7847377"", ""score"": 0.5652, ""user"": {""state"": ""Miami"", ""price"": 1600, ""bedrooms"": 1, ""available_from"": ""August"", ""soft_attributes"": ""cozy, near buses and the R train, quiet, secure building""}, ""user_fairness"": {""application_date"": ""2025-08-01"", ""number_of_shows"": 0, ""days_since_application"": 18}}, {""user_id"": ""e9d71d4d-4eec-9189-6d98-6c544fa5f253"", ""score"": 0.5643, ""user"": {""state"": ""Miami"", ""price"": 800, ""bedrooms"": 1, ""available_from"": ""May"", ""soft_attributes"": ""pet-friendly, close to public transportation, within walking distance to Grand Central and Times Square""}, ""user_fairness"": {""application_date"": ""2025-07-13"", ""number_of_shows"": 1, ""days_since_application"": 37}}, {""user_id"": ""d1c5c203-ad15-14f4-37fa-203db8e0eea3"", ""score"": 0.5616, ""user"": {""state"": ""Miami"", ""price"": 800, ""bedrooms"": 1, ""available_from"": ""October"", ""soft_attributes"": ""close to public transit, good Manhattan access, affordable""}, ""user_fairness"": {""application_date"": ""2025-08-10"", ""number_of_shows"": 0, ""days_since_application"": 9}}, {""user_id"": ""e4070f55-2f88-facc-64f9-0852e99e060f"", ""score"": 0.5614, ""user"": {""state"": ""Miami"", ""price"": 2500, ""bedrooms"": 1, ""available_from"": null, ""soft_attributes"": ""close to subway lines, near Central Park, pet-friendly, immediate move-in""}, ""user_fairness"": {""application_date"": ""2025-07-18"", ""number_of_shows"": 4, ""days_since_application"": 32}}, {""user_id"": ""4610e882-be07-6b7a-f543-be7dcb0afe00"", ""score"": 0.5537, ""user"": {""state"": ""Miami"", ""price"": null, ""bedrooms"": 1, ""available_from"": null, ""soft_attributes"": ""cozy, vibrant neighborhood, parks nearby, dining options, easy access to subway""}, ""user_fairness"": {""application_date"": ""2025-07-12"", ""number_of_shows"": 8, ""days_since_application"": 38}}, {""user_id"": ""88af77b8-3554-ab98-9d53-b5c4bdae14f0"", ""score"": 0.5536, ""user"": {""state"": ""Miami"", ""price"": 2000, ""bedrooms"": 1, ""available_from"": ""October"", ""soft_attributes"": ""private balcony, easy access to subway""}, ""user_fairness"": {""application_date"": ""2025-08-06"", ""number_of_shows"": 0, ""days_since_application"": 13}}], ""today_iso"": ""2025-08-19"", ""stats"": {""candidate_count"": 10, ""mean_top5"": 0.5875, ""starvation_override"": true}}"
